0 3 1.0
1 4 1.0
2 10 1.0
3 16 1.0
4 24 1.0
5 27 1.0
6 28 1.0
7 39 1.0
8 48 1.0
9 51 1.0
10 68 1.0
11 76 1.0
12 83 1.0
13 103 1.0
14 110 1.0
15 123 1.0
16 128 1.0
17 129 1.0
18 138 1.0
19 140 1.0
20 143 1.0
21 146 1.0
22 148 1.0
23 149 1.0
24 150 1.0
25 158 1.0
26 161 1.0
27 162 1.0
28 164 1.0
29 168 1.0
30 170 1.0
31 174 1.0
32 175 1.0
33 176 1.0
34 177 1.0
35 178 1.0
36 187 1.0
37 188 1.0
38 189 1.0
39 196 1.0
40 199 1.0
41 200 1.0
42 203 1.0
43 204 1.0
44 206 1.0
45 208 1.0
46 211 1.0
47 213 1.0
48 215 1.0
49 234 1.0
50 235 1.0
51 239 1.0
52 245 1.0
53 247 1.0
54 248 1.0
55 249 1.0
56 250 1.0
57 251 1.0
58 252 1.0
59 253 1.0
60 254 1.0
61 255 1.0
62 256 1.0
63 257 1.0
64 258 1.0
65 264 1.0
66 270 1.0
67 271 1.0
68 272 1.0
69 274 1.0
70 292 1.0
71 304 1.0
72 309 1.0
73 321 1.0
74 325 1.0
75 331 1.0
76 332 1.0
77 333 1.0
78 339 1.0
79 345 1.0
80 348 1.0
81 356 1.0
82 362 1.0
83 364 1.0
84 366 1.0
85 372 1.0
86 374 1.0
87 384 1.0
88 385 1.0
89 387 1.0
90 390 1.0
91 391 1.0
92 394 1.0
93 397 1.0
94 400 1.0
95 402 1.0
96 410 1.0
97 411 1.0
98 412 1.0
99 413 1.0
100 414 1.0
101 416 1.0
102 425 1.0
103 429 1.0
104 433 1.0
105 444 1.0
106 445 1.0
107 450 1.0
108 457 1.0
109 460 1.0
110 470 1.0
111 475 1.0
112 479 1.0
113 480 1.0
114 483 1.0
115 488 1.0
116 491 1.0
117 494 1.0
118 495 1.0
119 497 1.0
120 506 1.0
121 507 1.0
122 510 1.0
123 514 1.0
124 519 1.0
125 522 1.0
126 523 1.0
127 527 1.0
128 535 1.0
129 541 1.0
130 546 1.0
131 551 1.0
132 564 1.0
133 585 1.0
134 587 1.0
135 591 1.0
136 595 1.0
137 598 1.0
138 604 1.0
139 605 1.0
140 606 1.0
141 609 1.0
142 619 1.0
143 620 1.0
144 629 1.0
145 632 1.0
146 635 1.0
147 637 1.0
148 638 1.0
149 649 1.0
150 660 1.0
151 669 1.0
152 674 1.0
153 677 1.0
154 678 1.0
155 681 1.0
156 686 1.0
157 687 1.0
158 692 1.0
159 700 1.0
160 705 1.0
161 709 1.0
162 714 1.0
163 717 1.0
164 718 1.0
165 725 1.0
166 737 1.0
167 740 1.0
168 744 1.0
169 749 1.0
170 758 1.0
171 760 1.0
172 767 1.0
173 772 1.0
174 781 1.0
175 790 1.0
176 792 1.0
177 795 1.0
178 800 1.0
179 801 1.0
180 802 1.0
181 809 1.0
182 811 1.0
183 815 1.0
184 816 1.0
185 818 1.0
186 821 1.0
187 823 1.0
188 829 1.0
189 832 1.0
190 836 1.0
191 842 1.0
192 843 1.0
193 850 1.0
194 853 1.0
195 854 1.0
196 861 1.0
197 864 1.0
198 866 1.0
199 870 1.0
200 876 1.0
201 878 1.0
202 881 1.0
203 882 1.0
204 883 1.0
205 884 1.0
206 889 1.0
207 893 1.0
208 895 1.0
209 897 1.0
210 900 1.0
211 904 1.0
212 906 1.0
213 907 1.0
214 916 1.0
215 917 1.0
216 918 1.0
217 919 1.0
218 920 1.0
219 925 1.0
220 926 1.0
221 929 1.0
222 934 1.0
223 935 1.0
224 937 1.0
225 938 1.0
226 941 1.0
227 952 1.0
228 953 1.0
229 957 1.0
230 961 1.0
231 969 1.0
232 973 1.0
233 976 1.0
234 992 1.0
235 994 1.0
236 997 1.0
237 999 1.0
238 1001 1.0
239 1004 1.0
240 1006 1.0
241 1008 1.0
242 1009 1.0
243 1015 1.0
244 1016 1.0
245 1019 1.0
246 1022 1.0
247 1023 1.0
248 1024 1.0
249 1025 1.0
250 1027 1.0
251 1037 1.0
252 1043 1.0
253 1044 1.0
254 1045 1.0
255 1046 1.0
256 1049 1.0
257 1050 1.0
258 1051 1.0
259 1052 1.0
260 1053 1.0
261 1054 1.0
262 1056 1.0
263 1057 1.0
264 1062 1.0
265 1070 1.0
266 1073 1.0
267 1082 1.0
268 1084 1.0
269 1087 1.0
270 1089 1.0
271 1090 1.0
272 1093 1.0
273 1096 1.0
274 1097 1.0
275 1099 1.0
276 1101 1.0
277 1104 1.0
278 1106 1.0
279 1108 1.0
280 1111 1.0
281 1114 1.0
282 1119 1.0
283 1121 1.0
284 1125 1.0
285 1126 1.0
286 1128 1.0
287 1131 1.0
288 1134 1.0
289 1135 1.0
290 1138 1.0
291 1139 1.0
292 1141 1.0
293 1143 1.0
294 1148 1.0
295 1150 1.0
296 1152 1.0
297 1154 1.0
298 1155 1.0
299 1158 1.0
300 1161 1.0
301 1162 1.0
302 1166 1.0
303 1167 1.0
304 1169 1.0
305 1170 1.0
306 1171 1.0
307 1173 1.0
308 1175 1.0
309 1176 1.0
310 1179 1.0
311 1181 1.0
312 1183 1.0
313 1185 1.0
314 1188 1.0
315 1189 1.0
316 1192 1.0
317 1194 1.0
318 1201 1.0
319 1205 1.0
320 1210 1.0
321 1221 1.0
322 1224 1.0
323 1226 1.0
324 1229 1.0
325 1230 1.0
326 1239 1.0
327 1241 1.0
328 1246 1.0
329 1253 1.0
330 1254 1.0
331 1259 1.0
332 1261 1.0
333 1263 1.0
334 1265 1.0
335 1271 1.0
336 1275 1.0
337 1280 1.0
338 1284 1.0
339 1286 1.0
340 1291 1.0
341 1298 1.0
342 1305 1.0
343 1307 1.0
344 1309 1.0
345 1312 1.0
346 1313 1.0
347 1315 1.0
348 1321 1.0
349 1327 1.0
350 1348 1.0
351 1349 1.0
352 1352 1.0
353 1361 1.0
354 1364 1.0
355 1365 1.0
356 1374 1.0
357 1383 1.0
358 1387 1.0
359 1402 1.0
360 1403 1.0
361 1404 1.0
362 1405 1.0
363 1407 1.0
364 1411 1.0
365 1414 1.0
366 1415 1.0
367 1419 1.0
368 1423 1.0
369 1424 1.0
370 1427 1.0
371 1429 1.0
372 1434 1.0
373 1443 1.0
374 1445 1.0
375 1450 1.0
376 1451 1.0
377 1452 1.0
378 1453 1.0
379 1457 1.0
380 1460 1.0
381 1462 1.0
382 1463 1.0
383 1464 1.0
384 1467 1.0
385 1468 1.0
386 1469 1.0
387 1470 1.0
388 1475 1.0
389 1476 1.0
390 1478 1.0
391 1479 1.0
392 1480 1.0
393 1484 1.0
394 1488 1.0
395 1489 1.0
396 1491 1.0
397 1498 1.0
398 1499 1.0
399 1501 1.0
400 1507 1.0
401 1509 1.0
402 1516 1.0
403 1517 1.0
404 1518 1.0
405 1521 1.0
406 1523 1.0
407 1524 1.0
408 1530 1.0
409 1551 1.0
410 1556 1.0
411 1560 1.0
412 1562 1.0
413 1563 1.0
414 1564 1.0
415 1565 1.0
416 1567 1.0
417 1571 1.0
418 1572 1.0
419 1577 1.0
420 1580 1.0
421 1594 1.0
422 1600 1.0
423 1602 1.0
424 1607 1.0
425 1613 1.0
426 1619 1.0
427 1623 1.0
428 1625 1.0
429 1627 1.0
430 1635 1.0
431 1636 1.0
432 1639 1.0
433 1641 1.0
434 1649 1.0
435 1653 1.0
436 1658 1.0
437 1661 1.0
438 1665 1.0
439 1666 1.0
440 1668 1.0
441 1669 1.0
442 1671 1.0
443 1672 1.0
444 1678 1.0
445 1681 1.0
446 1685 1.0
447 1689 1.0
448 1694 1.0
449 1697 1.0
450 1698 1.0
451 1699 1.0
452 1706 1.0
453 1708 1.0
454 1710 1.0
455 1716 1.0
456 1724 1.0
457 1725 1.0
458 1726 1.0
459 1732 1.0
460 1733 1.0
461 1741 1.0
462 1752 1.0
463 1757 1.0
464 1769 1.0
465 1786 1.0
466 1789 1.0
467 1799 1.0
468 1809 1.0
469 1813 1.0
470 1815 1.0
471 1820 1.0
472 1822 1.0
473 1824 1.0
474 1826 1.0
475 1827 1.0
476 1830 1.0
477 1831 1.0
478 1832 1.0
479 1834 1.0
480 1843 1.0
481 1846 1.0
482 1850 1.0
483 1857 1.0
484 1859 1.0
485 1861 1.0
486 1862 1.0
487 1864 1.0
488 1868 1.0
489 1869 1.0
490 1879 1.0
491 1881 1.0
492 1882 1.0
493 1889 1.0
494 1893 1.0
495 1899 1.0
496 1900 1.0
497 1906 1.0
498 1914 1.0
499 1919 1.0
500 1920 1.0
501 1923 1.0
502 1926 1.0
503 1933 1.0
504 1938 1.0
505 1939 1.0
506 1943 1.0
507 1944 1.0
508 1945 1.0
509 1948 1.0
510 1952 1.0
511 1955 1.0
512 1959 1.0
513 1961 1.0
514 1968 1.0
515 1973 1.0
516 1974 1.0
517 1991 1.0
518 1992 1.0
519 1993 1.0
520 1995 1.0
521 1999 1.0
522 2006 1.0
523 2010 1.0
524 2012 1.0
525 2013 1.0
526 2019 1.0
527 2020 1.0
528 2021 1.0
529 2026 1.0
530 2028 1.0
531 2029 1.0
532 2033 1.0
533 2039 1.0
534 2042 1.0
535 2050 1.0
536 2057 1.0
537 2058 1.0
538 2059 1.0
539 2065 1.0
540 2068 1.0
541 2072 1.0
542 2080 1.0
543 2085 1.0
544 2089 1.0
545 2093 1.0
546 2095 1.0
547 2096 1.0
548 2102 1.0
549 2104 1.0
550 2105 1.0
551 2110 1.0
552 2114 1.0
553 2116 1.0
554 2127 1.0
555 2134 1.0
556 2141 1.0
557 2152 1.0
558 2157 1.0
559 2158 1.0
560 2160 1.0
561 2163 1.0
562 2164 1.0
563 2175 1.0
564 2178 1.0
565 2179 1.0
566 2183 1.0
567 2184 1.0
568 2189 1.0
569 2190 1.0
570 2191 1.0
571 2193 1.0
572 2201 1.0
573 2205 1.0
574 2222 1.0
575 2229 1.0
576 2231 1.0
577 2246 1.0
578 2247 1.0
579 2248 1.0
580 2251 1.0
581 2252 1.0
582 2257 1.0
583 2258 1.0
584 2262 1.0
585 2263 1.0
586 2266 1.0
587 2270 1.0
588 2277 1.0
589 2285 1.0
590 2290 1.0
591 2293 1.0
592 2308 1.0
593 2309 1.0
594 2319 1.0
595 2320 1.0
596 2326 1.0
597 2328 1.0
598 2338 1.0
599 2339 1.0
600 2344 1.0
601 2350 1.0
602 2363 1.0
603 2366 1.0
604 2367 1.0
605 2373 1.0
606 2376 1.0
607 2377 1.0
608 2385 1.0
609 2395 1.0
610 2424 1.0
611 2430 1.0
612 2433 1.0
613 2437 1.0
614 2439 1.0
615 2443 1.0
616 2450 1.0
617 2451 1.0
618 2460 1.0
619 2463 1.0
620 2465 1.0
621 2470 1.0
622 2474 1.0
623 2475 1.0
624 2478 1.0
625 2487 1.0
626 2492 1.0
627 2500 1.0
628 2528 1.0
629 2534 1.0
630 2541 1.0
631 2545 1.0
632 2551 1.0
633 2556 1.0
634 2559 1.0
635 2572 1.0
636 2573 1.0
637 2574 1.0
638 2583 1.0
639 2590 1.0
640 2593 1.0
641 2595 1.0
642 2602 1.0
643 2606 1.0
644 2609 1.0
645 2618 1.0
646 2623 1.0
647 2658 1.0
648 2662 1.0
649 2670 1.0
650 2674 1.0
651 2678 1.0
652 2679 1.0
653 2690 1.0
654 2693 1.0
655 2706 1.0
656 2723 1.0
657 2728 1.0
658 2729 1.0
659 2734 1.0
660 2738 1.0
661 2743 1.0
662 2744 1.0
663 2745 1.0
664 2749 1.0
665 2750 1.0
666 2752 1.0
667 2753 1.0
668 2756 1.0
669 2761 1.0
670 2762 1.0
671 2775 1.0
672 2779 1.0
673 2783 1.0
674 2787 1.0
675 2795 1.0
676 2811 1.0
677 2820 1.0
678 2822 1.0
679 2829 1.0
680 2832 1.0
681 2834 1.0
682 2835 1.0
683 2845 1.0
684 2856 1.0
685 2866 1.0
686 2868 1.0
687 2880 1.0
688 2881 1.0
689 2885 1.0
690 2888 1.0
691 2892 1.0
692 2896 1.0
693 2899 1.0
694 2910 1.0
695 2911 1.0
696 2915 1.0
697 2916 1.0
698 2917 1.0
699 2918 1.0
700 2919 1.0
701 2921 1.0
702 2927 1.0
703 2934 1.0
704 2936 1.0
705 2943 1.0
706 2961 1.0
707 2963 1.0
708 2966 1.0
709 2968 1.0
710 2976 1.0
711 2985 1.0
712 2992 1.0
713 2994 1.0
714 2997 1.0
715 3001 1.0
716 3004 1.0
717 3008 1.0
718 3012 1.0
719 3014 1.0
720 3018 1.0
721 3021 1.0
722 3023 1.0
723 3027 1.0
724 3038 1.0
725 3040 1.0
726 3046 1.0
727 3049 1.0
728 3058 1.0
729 3074 1.0
730 3075 1.0
731 3077 1.0
732 3082 1.0
733 3088 1.0
734 3089 1.0
735 3094 1.0
736 3102 1.0
737 3103 1.0
738 3105 1.0
739 3106 1.0
740 3108 1.0
741 3111 1.0
742 3112 1.0
743 3113 1.0
744 3116 1.0
745 3119 1.0
746 3122 1.0
747 3124 1.0
748 3129 1.0
749 3132 1.0
750 3133 1.0
751 3141 1.0
752 3142 1.0
753 3145 1.0
754 3148 1.0
755 3152 1.0
756 3154 1.0
757 3155 1.0
758 3156 1.0
759 3157 1.0
760 3160 1.0
761 3163 1.0
762 3164 1.0
763 3168 1.0
764 3169 1.0
765 3174 1.0
766 3176 1.0
767 3183 1.0
768 3185 1.0
769 3188 1.0
770 3190 1.0
771 3195 1.0
772 3199 1.0
773 3200 1.0
774 3202 1.0
775 3204 1.0
776 3206 1.0
777 3209 1.0
778 3212 1.0
779 3213 1.0
780 3215 1.0
781 3216 1.0
782 3217 1.0
783 3218 1.0
784 3219 1.0
785 3220 1.0
786 3222 1.0
787 3223 1.0
788 3224 1.0
789 3225 1.0
790 3227 1.0
791 3228 1.0
792 3234 1.0
793 3235 1.0
794 3242 1.0
795 3246 1.0
796 3248 1.0
797 3253 1.0
798 3259 1.0
799 3266 1.0
800 3275 1.0
801 3278 1.0
802 3280 1.0
803 3281 1.0
804 3283 1.0
805 3287 1.0
806 3291 1.0
807 3292 1.0
808 3296 1.0
809 3297 1.0
810 3298 1.0
811 3299 1.0
812 3300 1.0
813 3301 1.0
814 3303 1.0
815 3304 1.0
816 3305 1.0
817 3306 1.0
818 3308 1.0
819 3309 1.0
820 3311 1.0
821 3312 1.0
822 3313 1.0
823 3319 1.0
824 3320 1.0
825 3322 1.0
826 3326 1.0
827 3328 1.0
828 3331 1.0
829 3332 1.0
830 3333 1.0
831 3334 1.0
832 3335 1.0
833 3338 1.0
834 3339 1.0
835 3341 1.0
836 3346 1.0
837 3348 1.0
838 3350 1.0
839 3353 1.0
840 3355 1.0
841 3357 1.0
842 3362 1.0
843 3364 1.0
844 3367 1.0
845 3369 1.0
846 3371 1.0
847 3378 1.0
848 3379 1.0
849 3381 1.0
850 3382 1.0
851 3385 1.0
852 3386 1.0
853 3387 1.0
854 3388 1.0
855 3389 1.0
856 3390 1.0
857 3395 1.0
858 3396 1.0
859 3400 1.0
860 3402 1.0
861 3403 1.0
862 3407 1.0
863 3408 1.0
864 3409 1.0
865 3412 1.0
866 3421 1.0
867 3424 1.0
868 3427 1.0
869 3429 1.0
870 3433 1.0
871 3445 1.0
872 3448 1.0
873 3456 1.0
874 3457 1.0
875 3460 1.0
876 3469 1.0
877 3471 1.0
878 3473 1.0
879 3474 1.0
880 3475 1.0
881 3476 1.0
882 3480 1.0
883 3482 1.0
884 3483 1.0
885 3485 1.0
886 3490 1.0
887 3491 1.0
888 3493 1.0
889 3497 1.0
890 3499 1.0
891 3502 1.0
892 3504 1.0
893 3505 1.0
894 3508 1.0
895 3516 1.0
896 3521 1.0
897 3536 1.0
898 3539 1.0
899 3540 1.0
900 3543 1.0
901 3551 1.0
902 3562 1.0
903 3569 1.0
904 3573 1.0
905 3588 1.0
906 3590 1.0
907 3595 1.0
908 3605 1.0
909 3614 1.0
910 3615 1.0
911 3616 1.0
912 3631 1.0
913 3639 1.0
914 3640 1.0
915 3644 1.0
916 3655 1.0
917 3656 1.0
918 3661 1.0
919 3663 1.0
920 3668 1.0
921 3669 1.0
922 3671 1.0
923 3673 1.0
924 3674 1.0
925 3675 1.0
926 3677 1.0
927 3679 1.0
928 3681 1.0
929 3683 1.0
930 3686 1.0
931 3688 1.0
932 3689 1.0
933 3695 1.0
934 3707 1.0
935 3712 1.0
936 3714 1.0
937 3716 1.0
938 3720 1.0
939 3721 1.0
940 3724 1.0
941 3725 1.0
942 3726 1.0
943 3734 1.0
944 3742 1.0
945 3744 1.0
946 3745 1.0
947 3746 1.0
948 3749 1.0
949 3758 1.0
950 3759 1.0
951 3762 1.0
952 3763 1.0
953 3764 1.0
954 3765 1.0
955 3766 1.0
956 3767 1.0
957 3768 1.0
958 3769 1.0
959 3770 1.0
960 3773 1.0
961 3775 1.0
962 3782 1.0
963 3783 1.0
964 3784 1.0
965 3786 1.0
966 3788 1.0
967 3803 1.0
968 3811 1.0
969 3815 1.0
970 3817 1.0
971 3822 1.0
972 3834 1.0
973 3840 1.0
974 3841 1.0
975 3866 1.0
976 3868 1.0
977 3870 1.0
978 3875 1.0
979 3882 1.0
980 3886 1.0
981 3888 1.0
982 3889 1.0
983 3891 1.0
984 3892 1.0
985 3898 1.0
986 3901 1.0
987 3904 1.0
988 3920 1.0
989 3934 1.0
990 3938 1.0
991 3956 1.0
992 3962 1.0
993 3969 1.0
994 3970 1.0
995 3975 1.0
996 3976 1.0
997 3981 1.0
998 3982 1.0
999 3984 1.0
1000 4000 1.0
1001 4006 1.0
1002 4010 1.0
1003 4013 1.0
1004 4021 1.0
1005 4029 1.0
1006 4030 1.0
1007 4036 1.0
1008 4055 1.0
1009 4061 1.0
1010 4063 1.0
1011 4069 1.0
1012 4073 1.0
1013 4075 1.0
1014 4078 1.0
1015 4085 1.0
1016 4093 1.0
1017 4094 1.0
1018 4095 1.0
1019 4098 1.0
1020 4106 1.0
1021 4107 1.0
1022 4110 1.0
1023 4122 1.0
1024 4138 1.0
1025 4140 1.0
1026 4141 1.0
1027 4143 1.0
1028 4148 1.0
1029 4150 1.0
1030 4159 1.0
1031 4162 1.0
1032 4164 1.0
1033 4165 1.0
1034 4173 1.0
1035 4174 1.0
1036 4179 1.0
1037 4180 1.0
1038 4201 1.0
1039 4203 1.0
1040 4204 1.0
1041 4219 1.0
1042 4220 1.0
1043 4223 1.0
1044 4228 1.0
1045 4229 1.0
1046 4237 1.0
1047 4243 1.0
1048 4251 1.0
1049 4254 1.0
1050 4267 1.0
1051 4271 1.0
1052 4278 1.0
1053 4279 1.0
1054 4280 1.0
1055 4282 1.0
1056 4283 1.0
1057 4288 1.0
1058 4289 1.0
1059 4290 1.0
1060 4293 1.0
1061 4294 1.0
1062 4295 1.0
1063 4303 1.0
1064 4304 1.0
1065 4305 1.0
1066 4309 1.0
1067 4310 1.0
1068 4311 1.0
1069 4322 1.0
1070 4328 1.0
1071 4338 1.0
1072 4340 1.0
1073 4341 1.0
1074 4345 1.0
1075 4352 1.0
1076 4354 1.0
1077 4356 1.0
1078 4357 1.0
1079 4358 1.0
1080 4360 1.0
1081 4364 1.0
1082 4365 1.0
1083 4368 1.0
1084 4370 1.0
1085 4376 1.0
1086 4378 1.0
1087 4382 1.0
1088 4383 1.0
1089 4384 1.0
1090 4391 1.0
1091 4393 1.0
1092 4400 1.0
1093 4402 1.0
1094 4403 1.0
1095 4405 1.0
1096 4406 1.0
1097 4407 1.0
1098 4415 1.0
1099 4416 1.0
1100 4421 1.0
1101 4424 1.0
1102 4427 1.0
1103 4430 1.0
1104 4431 1.0
1105 4436 1.0
1106 4439 1.0
1107 4445 1.0
1108 4449 1.0
1109 4452 1.0
1110 4455 1.0
1111 4459 1.0
1112 4462 1.0
1113 4464 1.0
1114 4471 1.0
1115 4473 1.0
1116 4478 1.0
1117 4480 1.0
1118 4487 1.0
1119 4488 1.0
1120 4490 1.0
1121 4494 1.0
1122 4496 1.0
1123 4500 1.0
1124 4502 1.0
1125 4505 1.0
1126 4507 1.0
1127 4508 1.0
1128 4510 1.0
1129 4511 1.0
1130 4513 1.0
1131 4515 1.0
1132 4521 1.0
1133 4525 1.0
1134 4526 1.0
1135 4530 1.0
1136 4531 1.0
1137 4532 1.0
1138 4535 1.0
1139 4536 1.0
1140 4537 1.0
1141 4538 1.0
1142 4539 1.0
1143 4540 1.0
1144 4543 1.0
1145 4545 1.0
1146 4548 1.0
1147 4549 1.0
1148 4554 1.0
1149 4558 1.0
1150 4559 1.0
1151 4561 1.0
1152 4564 1.0
1153 4565 1.0
1154 4568 1.0
1155 4571 1.0
1156 4572 1.0
1157 4573 1.0
1158 4576 1.0
1159 4577 1.0
1160 4581 1.0
1161 4582 1.0
1162 4586 1.0
1163 4590 1.0
1164 4594 1.0
1165 4595 1.0
1166 4602 1.0
1167 4607 1.0
1168 4612 1.0
1169 4613 1.0
1170 4615 1.0
1171 4627 1.0
1172 4629 1.0
1173 4634 1.0
1174 4636 1.0
1175 4639 1.0
1176 4641 1.0
1177 4644 1.0
1178 4646 1.0
1179 4647 1.0
1180 4654 1.0
1181 4655 1.0
1182 4656 1.0
1183 4657 1.0
1184 4659 1.0
1185 4661 1.0
1186 4663 1.0
1187 4668 1.0
1188 4673 1.0
1189 4674 1.0
1190 4675 1.0
1191 4678 1.0
1192 4694 1.0
1193 4710 1.0
1194 4711 1.0
1195 4712 1.0
1196 4713 1.0
1197 4722 1.0
1198 4724 1.0
1199 4727 1.0
1200 4730 1.0
1201 4737 1.0
1202 4739 1.0
1203 4741 1.0
1204 4744 1.0
1205 4745 1.0
1206 4750 1.0
1207 4751 1.0
1208 4755 1.0
1209 4756 1.0
1210 4758 1.0
1211 4759 1.0
1212 4760 1.0
1213 4762 1.0
1214 4766 1.0
1215 4769 1.0
1216 4773 1.0
1217 4780 1.0
1218 4786 1.0
1219 4789 1.0
1220 4793 1.0
1221 4805 1.0
1222 4817 1.0
1223 4819 1.0
1224 4823 1.0
1225 4824 1.0
1226 4827 1.0
1227 4836 1.0
1228 4837 1.0
1229 4838 1.0
1230 4869 1.0
1231 4875 1.0
1232 4876 1.0
1233 4877 1.0
1234 4878 1.0
1235 4880 1.0
1236 4885 1.0
1237 4887 1.0
1238 4891 1.0
1239 4894 1.0
1240 4895 1.0
1241 4900 1.0
1242 4902 1.0
1243 4915 1.0
1244 4924 1.0
1245 4925 1.0
1246 4928 1.0
1247 4930 1.0
1248 4936 1.0
1249 4937 1.0
1250 4939 1.0
1251 4941 1.0
1252 4942 1.0
1253 4949 1.0
1254 4958 1.0
1255 4960 1.0
1256 4962 1.0
1257 4963 1.0
1258 4964 1.0
1259 4965 1.0
1260 4970 1.0
1261 4971 1.0
1262 4978 1.0
1263 4982 1.0
1264 4983 1.0
1265 4984 1.0
1266 4986 1.0
1267 4987 1.0
1268 4988 1.0
1269 4989 1.0
1270 4991 1.0
1271 4994 1.0
1272 4995 1.0
1273 5000 1.0
1274 5010 1.0
1275 5011 1.0
1276 5012 1.0
1277 5024 1.0
1278 5025 1.0
1279 5026 1.0
1280 5029 1.0
1281 5038 1.0
1282 5041 1.0
1283 5045 1.0
1284 5062 1.0
1285 5063 1.0
1286 5068 1.0
1287 5069 1.0
1288 5074 1.0
1289 5079 1.0
1290 5087 1.0
1291 5088 1.0
1292 5092 1.0
1293 5096 1.0
1294 5097 1.0
1295 5103 1.0
1296 5106 1.0
1297 5108 1.0
1298 5110 1.0
1299 5114 1.0
1300 5116 1.0
1301 5118 1.0
1302 5122 1.0
1303 5129 1.0
1304 5133 1.0
1305 5137 1.0
1306 5144 1.0
1307 5145 1.0
1308 5149 1.0
1309 5151 1.0
1310 5154 1.0
1311 5159 1.0
1312 5162 1.0
1313 5163 1.0
1314 5166 1.0
1315 5168 1.0
1316 5177 1.0
1317 5181 1.0
1318 5184 1.0
1319 5192 1.0
1320 5195 1.0
1321 5197 1.0
1322 5202 1.0
1323 5205 1.0
1324 5206 1.0
1325 5210 1.0
1326 5220 1.0
1327 5225 1.0
1328 5236 1.0
1329 5238 1.0
1330 5246 1.0
1331 5253 1.0
1332 5254 1.0
1333 5259 1.0
1334 5265 1.0
1335 5273 1.0
1336 5279 1.0
1337 5281 1.0
1338 5282 1.0
1339 5283 1.0
1340 5289 1.0
1341 5292 1.0
1342 5295 1.0
1343 5296 1.0
1344 5297 1.0
1345 5298 1.0
1346 5309 1.0
1347 5312 1.0
1348 5321 1.0
1349 5323 1.0
1350 5325 1.0
1351 5330 1.0
1352 5332 1.0
1353 5335 1.0
1354 5341 1.0
1355 5342 1.0
1356 5343 1.0
1357 5345 1.0
1358 5347 1.0
1359 5349 1.0
1360 5354 1.0
1361 5359 1.0
1362 5360 1.0
1363 5361 1.0
1364 5363 1.0
1365 5375 1.0
1366 5381 1.0
1367 5385 1.0
1368 5388 1.0
1369 5403 1.0
1370 5406 1.0
1371 5407 1.0
1372 5415 1.0
1373 5418 1.0
1374 5423 1.0
1375 5435 1.0
1376 5452 1.0
1377 5453 1.0
1378 5454 1.0
1379 5456 1.0
1380 5458 1.0
1381 5460 1.0
1382 5461 1.0
1383 5471 1.0
1384 5473 1.0
1385 5474 1.0
1386 5479 1.0
1387 5480 1.0
1388 5482 1.0
1389 5487 1.0
1390 5494 1.0
1391 5495 1.0
1392 5501 1.0
1393 5502 1.0
1394 5509 1.0
1395 5517 1.0
1396 5518 1.0
1397 5527 1.0
1398 5533 1.0
1399 5539 1.0
1400 5546 1.0
1401 5552 1.0
1402 5556 1.0
1403 5557 1.0
1404 5564 1.0
1405 5565 1.0
1406 5566 1.0
1407 5567 1.0
1408 5570 1.0
1409 5574 1.0
1410 5576 1.0
1411 5577 1.0
1412 5588 1.0
1413 5596 1.0
1414 5602 1.0
1415 5608 1.0
1416 5609 1.0
1417 5613 1.0
1418 5614 1.0
1419 5619 1.0
1420 5620 1.0
1421 5621 1.0
1422 5622 1.0
1423 5625 1.0
1424 5634 1.0
1425 5639 1.0
1426 5640 1.0
1427 5646 1.0
1428 5651 1.0
1429 5652 1.0
1430 5654 1.0
1431 5655 1.0
1432 5658 1.0
1433 5662 1.0
1434 5665 1.0
1435 5666 1.0
1436 5668 1.0
1437 5683 1.0
1438 5685 1.0
1439 5689 1.0
1440 5692 1.0
1441 5707 1.0
1442 5708 1.0
1443 5709 1.0
1444 5713 1.0
1445 5714 1.0
1446 5718 1.0
1447 5719 1.0
1448 5723 1.0
1449 5724 1.0
1450 5731 1.0
1451 5737 1.0
1452 5740 1.0
1453 5746 1.0
1454 5749 1.0
1455 5751 1.0
1456 5752 1.0
1457 5759 1.0
1458 5760 1.0
1459 5766 1.0
1460 5780 1.0
1461 5781 1.0
1462 5789 1.0
1463 5790 1.0
1464 5799 1.0
1465 5801 1.0
1466 5805 1.0
1467 5809 1.0
1468 5813 1.0
1469 5821 1.0
1470 5824 1.0
1471 5827 1.0
1472 5828 1.0
1473 5838 1.0
1474 5844 1.0
1475 5856 1.0
1476 5860 1.0
1477 5878 1.0
1478 5882 1.0
1479 5901 1.0
1480 5905 1.0
1481 5907 1.0
1482 5911 1.0
1483 5913 1.0
1484 5917 1.0
1485 5922 1.0
1486 5923 1.0
1487 5933 1.0
1488 5939 1.0
1489 5940 1.0
1490 5941 1.0
1491 5948 1.0
1492 5949 1.0
1493 5954 1.0
1494 5963 1.0
1495 5989 1.0
1496 6002 1.0
1497 6009 1.0
1498 6018 1.0
1499 6020 1.0
1500 6033 1.0
1501 6034 1.0
1502 6035 1.0
1503 6044 1.0
1504 6049 1.0
1505 6051 1.0
1506 6054 1.0
1507 6056 1.0
1508 6065 1.0
1509 6069 1.0
1510 6070 1.0
1511 6079 1.0
1512 6081 1.0
1513 6118 1.0
1514 6123 1.0
1515 6127 1.0
1516 6135 1.0
1517 6141 1.0
1518 6148 1.0
1519 6149 1.0
1520 6156 1.0
1521 6163 1.0
1522 6179 1.0
1523 6190 1.0
1524 6193 1.0
1525 6195 1.0
1526 6197 1.0
1527 6201 1.0
1528 6205 1.0
1529 6210 1.0
1530 6214 1.0
1531 6218 1.0
1532 6220 1.0
1533 6223 1.0
1534 6236 1.0
1535 6241 1.0
1536 6242 1.0
1537 6244 1.0
1538 6246 1.0
1539 6249 1.0
1540 6253 1.0
1541 6281 1.0
1542 6283 1.0
1543 6289 1.0
1544 6296 1.0
1545 6306 1.0
1546 6311 1.0
1547 6324 1.0
1548 6347 1.0
1549 6352 1.0
1550 6355 1.0
1551 6358 1.0
1552 6366 1.0
1553 6370 1.0
1554 6371 1.0
1555 6375 1.0
1556 6379 1.0
1557 6383 1.0
1558 6384 1.0
1559 6385 1.0
1560 6393 1.0
1561 6395 1.0
1562 6402 1.0
1563 6416 1.0
1564 6419 1.0
1565 6425 1.0
1566 6428 1.0
1567 6430 1.0
1568 6444 1.0
1569 6451 1.0
1570 6455 1.0
1571 6456 1.0
1572 6463 1.0
1573 6467 1.0
1574 6469 1.0
1575 6470 1.0
1576 6471 1.0
1577 6472 1.0
1578 6474 1.0
1579 6484 1.0
1580 6486 1.0
1581 6488 1.0
1582 6505 1.0
1583 6506 1.0
1584 6510 1.0
1585 6511 1.0
1586 6512 1.0
1587 6514 1.0
1588 6519 1.0
1589 6520 1.0
1590 6524 1.0
1591 6528 1.0
1592 6530 1.0
1593 6531 1.0
1594 6533 1.0
1595 6535 1.0
1596 6536 1.0
1597 6538 1.0
1598 6539 1.0
1599 6544 1.0
1600 6555 1.0
1601 6560 1.0
1602 6564 1.0
1603 6567 1.0
1604 6568 1.0
1605 6574 1.0
1606 6575 1.0
1607 6576 1.0
1608 6581 1.0
1609 6582 1.0
1610 6586 1.0
1611 6588 1.0
1612 6590 1.0
1613 6591 1.0
1614 6592 1.0
1615 6596 1.0
1616 6600 1.0
1617 6605 1.0
1618 6606 1.0
1619 6609 1.0
1620 6613 1.0
1621 6614 1.0
1622 6615 1.0
1623 6616 1.0
1624 6617 1.0
1625 6619 1.0
1626 6620 1.0
1627 6622 1.0
1628 6624 1.0
1629 6625 1.0
1630 6626 1.0
1631 6627 1.0
1632 6630 1.0
1633 6632 1.0
1634 6635 1.0
1635 6642 1.0
1636 6644 1.0
1637 6653 1.0
1638 6659 1.0
1639 6661 1.0
1640 6666 1.0
1641 6668 1.0
1642 6672 1.0
1643 6675 1.0
1644 6677 1.0
1645 6684 1.0
1646 6687 1.0
1647 6691 1.0
1648 6692 1.0
1649 6696 1.0
1650 6697 1.0
1651 6698 1.0
1652 6699 1.0
1653 6700 1.0
1654 6702 1.0
1655 6703 1.0
1656 6705 1.0
1657 6706 1.0
1658 6708 1.0
1659 6709 1.0
1660 6710 1.0
1661 6717 1.0
1662 6718 1.0
1663 6719 1.0
1664 6720 1.0
1665 6721 1.0
1666 6725 1.0
1667 6726 1.0
1668 6727 1.0
1669 6730 1.0
1670 6732 1.0
1671 6734 1.0
1672 6735 1.0
1673 6736 1.0
1674 6737 1.0
1675 6738 1.0
1676 6740 1.0
1677 6744 1.0
1678 6749 1.0
1679 6750 1.0
1680 6753 1.0
1681 6757 1.0
1682 6759 1.0
1683 6762 1.0
1684 6764 1.0
1685 6768 1.0
1686 6774 1.0
1687 6776 1.0
1688 6779 1.0
1689 6781 1.0
1690 6782 1.0
1691 6783 1.0
1692 6786 1.0
1693 6787 1.0
1694 6788 1.0
1695 6789 1.0
1696 6794 1.0
1697 6796 1.0
1698 6802 1.0
1699 6803 1.0
1700 6808 1.0
1701 6810 1.0
1702 6811 1.0
1703 6821 1.0
1704 6824 1.0
1705 6827 1.0
1706 6829 1.0
1707 6832 1.0
1708 6833 1.0
1709 6844 1.0
1710 6845 1.0
1711 6848 1.0
1712 6850 1.0
1713 6857 1.0
1714 6860 1.0
1715 6862 1.0
1716 6869 1.0
1717 6870 1.0
1718 6871 1.0
1719 6872 1.0
1720 6877 1.0
1721 6878 1.0
1722 6880 1.0
