2 26 27 29 38 51 
1 38 39 50 51 673 
15 27 38 53 66 87 
5 6 13 79 82 674 
4 6 7 8 13 75 
4 5 8 81 82 82 
5 8 74 75 104 104 
5 6 7 74 76 77 
11 13 71 105 906 906 
11 12 13 14 19 52 
9 10 12 13 906 906 
10 11 498 891 906 906 
4 5 9 10 11 52 
10 19 21 73 102 727 
3 38 39 66 79 674 
17 50 673 674 675 676 
16 18 50 80 675 675 
17 80 81 82 675 675 
10 14 20 21 52 66 
19 21 22 23 32 53 
14 19 20 32 73 73 
20 23 24 96 96 96 
20 22 24 32 33 33 
22 23 33 83 84 96 
32 49 73 78 135 187 
1 27 29 30 31 31 
1 3 26 30 38 40 
29 35 54 55 57 57 
1 26 28 31 35 55 
26 27 31 40 67 68 
26 29 30 34 35 68 
20 21 23 25 33 73 
23 24 32 42 45 84 
31 35 56 69 70 70 
28 29 31 34 56 57 
41 58 67 90 93 93 
43 44 62 72 90 91 
1 2 3 15 27 39 
2 15 38 673 677 677 
27 30 67 85 87 87 
36 67 85 93 94 125 
33 43 45 48 84 94 
37 42 44 48 94 94 
37 43 47 48 64 72 
33 42 46 48 338 347 
45 47 48 346 347 347 
44 46 48 63 64 103 
42 43 44 45 46 47 
25 78 135 345 728 728 
2 16 17 51 80 97 
1 2 50 65 762 946 
10 13 19 66 79 79 
3 20 66 87 96 108 
28 55 57 98 99 99 
1 28 29 54 65 99 
34 35 57 70 100 101 
28 35 54 56 98 101 
36 59 60 61 67 68 
58 60 90 91 92 92 
58 59 61 88 92 109 
58 60 69 70 88 89 
37 72 91 95 95 95 
47 64 103 183 189 763 
44 47 63 72 110 763 
1 51 55 106 762 762 
3 15 19 20 52 53 
30 36 40 41 58 68 
30 31 58 67 69 69 
31 34 58 61 68 70 
34 56 61 69 89 100 
9 105 906 968 972 972 
37 44 62 64 95 107 
14 21 25 32 78 727 
7 8 77 104 105 105 
5 7 104 105 105 105 
8 77 97 902 902 902 
8 74 76 105 900 902 
25 49 73 728 729 729 
4 13 15 52 66 674 
17 18 50 81 97 97 
6 8 18 80 82 97 
4 6 18 81 674 675 
24 84 96 125 126 127 
24 33 42 83 125 125 
40 41 67 86 87 113 
85 87 108 111 112 113 
3 27 40 53 85 86 
60 61 89 109 954 955 
61 70 88 100 954 966 
36 37 58 59 91 93 
37 59 62 90 92 95 
59 60 91 95 109 109 
36 37 41 90 94 94 
37 41 42 43 93 125 
62 72 91 92 107 109 
20 22 24 53 83 108 
8 50 76 80 81 899 
54 57 99 101 933 951 
54 55 98 106 951 951 
56 70 89 101 952 966 
56 57 98 100 933 952 
10 14 498 727 905 905 
47 63 183 346 469 688 
7 74 75 105 105 105 
5 9 13 71 74 75 
55 65 99 762 916 927 
72 95 109 970 987 987 
53 86 87 96 111 886 
60 88 92 95 107 955 
64 72 763 938 958 959 
86 108 112 133 886 889 
86 111 113 114 133 133 
85 86 112 114 115 115 
112 113 115 120 133 133 
85 113 114 116 117 120 
115 117 118 120 132 132 
115 116 118 119 128 128 
116 117 119 124 126 127 
117 118 125 127 128 128 
114 115 116 132 133 133 
96 122 123 124 888 888 
96 121 124 124 124 124 
121 124 130 887 888 888 
96 118 121 122 123 126 
41 42 83 84 94 119 
83 96 118 124 127 127 
83 118 119 125 126 126 
41 85 115 117 119 125 
118 124 130 131 132 887 
123 124 129 887 887 887 
129 132 133 887 889 889 
116 118 120 129 131 133 
111 112 114 120 131 132 
135 186 187 342 371 371 
25 49 134 187 344 345 
142 341 342 496 496 496 
150 160 341 353 685 885 
152 157 158 222 726 726 
140 149 150 153 481 718 
139 150 341 495 496 718 
142 169 175 186 327 342 
136 141 327 328 342 495 
144 227 368 369 395 396 
143 167 168 335 368 396 
401 432 435 439 445 678 
154 179 395 396 397 697 
148 364 374 477 486 488 
147 363 364 402 488 718 
139 153 370 687 725 725 
137 139 140 341 725 726 
152 222 317 464 684 684 
138 151 222 317 370 725 
139 149 362 481 687 687 
146 226 395 680 697 701 
161 217 219 394 681 702 
174 336 339 360 490 490 
138 158 159 222 331 331 
138 157 331 352 726 726 
157 220 221 222 319 331 
137 341 342 371 685 730 
155 226 681 703 703 703 
470 475 476 705 709 709 
491 706 707 708 708 708 
165 336 482 489 490 490 
164 177 333 366 482 490 
167 171 178 315 316 335 
144 166 168 171 335 339 
144 167 339 340 368 368 
141 175 186 346 469 469 
173 480 704 715 720 895 
166 167 172 178 336 339 
171 178 208 491 707 707 
170 480 720 721 723 748 
156 360 361 365 401 490 
141 169 327 469 473 474 
177 358 441 443 444 444 
165 176 358 365 366 441 
166 171 172 208 315 682 
146 181 397 698 698 698 
181 315 316 683 696 700 
179 180 316 397 698 699 
184 185 188 225 349 749 
63 103 189 472 688 719 
182 185 467 697 698 699 
182 184 225 697 697 697 
134 141 169 187 342 346 
25 32 33 134 135 186 
182 199 225 325 349 349 
63 183 719 763 959 989 
195 326 733 735 739 739 
200 204 206 326 737 737 
193 740 743 747 1071 1331 
192 329 740 746 1071 1201 
212 233 325 334 349 749 
190 196 210 232 326 381 
195 232 334 733 733 733 
215 216 219 756 758 758 
320 376 754 756 761 1335 
188 225 325 751 757 760 
191 210 211 326 390 737 
213 214 301 393 399 400 
203 303 377 378 1082 1083 
202 337 378 753 755 1083 
191 205 206 737 752 752 
204 206 329 734 745 752 
191 204 205 326 734 735 
682 683 695 748 748 748 
172 178 330 373 682 707 
690 710 715 878 878 878 
195 200 211 326 380 381 
200 210 223 354 380 390 
194 230 231 233 234 325 
201 214 230 231 383 400 
201 213 308 314 356 383 
197 216 218 219 220 221 
197 215 350 465 756 893 
155 218 219 882 882 882 
215 217 219 220 882 882 
155 197 215 217 218 702 
159 215 218 221 222 684 
159 215 220 319 350 350 
138 151 152 157 159 220 
211 224 235 236 354 380 
223 235 291 292 354 379 
182 185 188 199 697 701 
154 161 680 681 701 703 
143 317 318 369 395 680 
229 293 294 323 324 324 
228 244 245 251 294 324 
212 213 231 325 391 400 
212 213 230 234 255 304 
195 196 248 249 252 334 
194 212 234 247 248 334 
212 231 233 247 304 304 
223 224 236 250 404 405 
223 235 237 250 305 380 
236 238 239 250 305 407 
237 239 258 265 407 407 
237 238 241 252 258 305 
241 242 259 261 269 311 
239 240 242 248 252 258 
240 241 243 248 260 261 
242 247 248 260 304 304 
229 245 263 406 407 407 
229 244 251 263 264 295 
253 256 295 296 307 308 
233 234 243 248 304 304 
232 233 241 242 243 247 
232 248 252 252 252 252 
235 236 237 404 406 407 
229 245 294 295 307 307 
232 239 241 248 249 306 
246 254 256 879 880 880 
253 255 256 262 880 880 
231 254 256 260 262 304 
246 253 254 255 308 383 
258 259 311 312 313 313 
238 239 241 257 259 265 
240 241 257 258 311 311 
242 243 255 261 262 266 
240 242 260 266 268 269 
254 255 260 266 267 880 
244 245 264 270 271 407 
245 263 270 295 296 297 
238 258 272 273 312 407 
260 261 262 267 268 277 
262 266 276 277 309 879 
261 266 269 274 275 277 
240 261 268 274 311 311 
263 264 271 279 297 298 
263 270 278 279 408 409 
265 273 280 281 312 384 
265 272 281 408 409 409 
268 269 275 282 290 311 
268 274 277 290 388 388 
267 277 283 284 309 388 
266 267 268 275 276 388 
271 279 285 409 766 767 
270 271 278 298 300 766 
272 281 285 286 384 384 
272 273 280 285 409 409 
274 289 290 387 769 769 
276 284 298 309 357 825 
276 283 388 771 826 827 
278 280 281 286 409 772 
280 285 288 384 768 772 
288 289 384 385 775 777 
286 287 384 768 775 775 
282 287 385 387 769 777 
274 275 282 388 769 770 
224 292 354 355 1267 1267 
224 291 322 389 1267 1267 
228 294 314 323 356 356 
228 229 251 293 307 314 
245 246 251 264 296 307 
246 264 295 297 310 879 
264 270 296 299 310 310 
270 279 283 299 300 309 
270 297 298 309 310 310 
279 298 357 766 825 825 
201 302 378 399 403 750 
301 323 399 750 750 750 
202 321 377 398 1082 1082 
231 234 243 247 255 260 
236 237 239 306 380 380 
239 252 305 380 381 382 
246 251 294 295 308 314 
214 246 256 307 314 383 
267 276 283 298 299 310 
296 297 299 309 879 879 
240 257 259 269 274 313 
257 258 265 272 313 384 
257 311 312 385 386 387 
214 293 294 307 308 356 
166 178 180 316 682 683 
166 180 181 315 335 397 
151 152 227 318 370 464 
227 317 369 370 687 687 
159 221 350 351 732 1222 
198 337 376 392 393 754 
303 322 398 1082 1213 1246 
292 321 389 398 1213 1267 
228 293 302 324 356 399 
228 229 323 377 379 389 
188 194 199 212 230 349 
190 191 195 200 206 210 
141 142 175 328 473 487 
142 327 486 487 488 495 
193 205 740 745 746 752 
208 373 480 682 705 748 
157 158 159 351 352 731 
333 359 366 442 453 453 
165 332 366 453 482 694 
194 196 232 233 248 733 
144 166 167 316 396 397 
156 164 171 339 489 490 
203 320 378 392 403 753 
33 45 187 347 347 347 
156 167 168 171 336 340 
168 339 360 368 686 686 
136 137 140 150 160 342 
134 136 141 142 160 186 
690 719 878 1043 1219 1219 
25 135 187 187 187 187 
49 135 371 728 764 765 
46 47 103 169 186 347 
45 46 186 187 338 346 
364 374 433 434 446 679 
182 188 194 325 749 749 
215 216 221 319 893 1222 
159 319 331 732 732 732 
158 331 353 685 726 731 
137 352 685 726 885 885 
211 223 224 291 355 390 
291 354 390 1228 1229 1267 
214 293 314 323 399 399 
283 298 300 825 825 825 
176 177 365 431 444 458 
332 437 442 453 453 453 
156 174 339 340 361 362 
174 360 362 367 401 481 
153 360 361 481 686 687 
148 364 372 402 456 456 
147 148 348 363 374 433 
174 177 358 401 431 432 
165 177 332 333 441 442 
361 372 401 402 481 678 
143 144 168 340 369 686 
143 227 318 368 686 687 
149 152 317 318 687 725 
134 135 160 342 345 765 
363 367 402 445 456 678 
208 330 705 707 708 708 
147 348 364 375 477 478 
374 478 679 693 693 693 
198 320 393 468 756 758 
202 303 324 378 398 750 
202 203 301 337 377 403 
224 229 324 389 405 405 
210 211 223 236 305 306 
195 210 306 380 382 382 
195 232 252 306 381 381 
213 214 231 255 256 308 
272 280 286 287 288 312 
287 289 312 313 384 387 
274 311 313 387 387 387 
274 282 289 313 385 386 
275 276 277 284 290 771 
224 292 322 324 379 398 
200 211 354 355 737 1070 
230 325 400 751 751 751 
320 337 393 403 403 403 
201 320 376 392 400 403 
155 464 681 684 882 883 
143 146 154 227 396 680 
143 144 146 335 395 397 
146 179 181 316 335 396 
303 321 322 324 377 389 
201 214 301 302 323 356 
201 213 230 391 393 751 
145 174 361 365 367 432 
148 363 367 372 481 718 
201 301 337 378 392 393 
229 235 250 405 406 406 
224 229 235 379 404 404 
229 244 250 404 407 407 
237 238 244 250 263 265 
263 265 271 273 407 409 
271 273 278 281 285 408 
411 426 499 500 502 503 
410 419 421 426 503 511 
413 414 425 430 457 459 
412 414 429 430 448 448 
412 413 448 516 517 517 
416 417 421 422 512 512 
415 417 419 421 431 432 
415 416 422 425 431 457 
420 424 462 463 510 510 
411 416 421 426 449 449 
418 434 440 463 499 510 
411 415 416 419 511 512 
415 417 425 459 504 512 
424 447 452 463 515 515 
418 423 462 463 508 514 
412 417 422 457 459 459 
410 411 419 434 435 436 
440 446 450 451 452 453 
429 437 447 452 497 497 
413 428 430 447 448 497 
412 413 429 438 457 460 
358 365 416 417 432 458 
145 365 401 416 431 439 
348 364 434 436 454 456 
348 420 426 433 436 440 
145 426 436 439 445 449 
426 433 434 435 454 454 
359 428 442 452 453 497 
430 443 444 457 458 461 
145 416 432 435 449 449 
420 427 434 446 463 463 
176 177 366 442 443 460 
332 359 366 437 441 460 
176 438 441 444 460 461 
176 358 438 443 458 458 
145 372 435 454 456 678 
348 427 434 440 455 679 
423 428 429 448 452 506 
413 414 429 447 505 506 
416 419 426 435 439 439 
427 451 453 694 694 694 
427 450 455 694 714 714 
423 427 428 437 447 453 
332 333 359 427 437 450 
433 435 436 445 456 456 
427 446 451 679 712 714 
363 364 372 433 445 454 
412 417 425 430 438 458 
358 417 431 438 444 457 
412 422 425 504 513 513 
430 441 442 443 461 497 
430 438 443 460 460 460 
418 424 501 510 514 514 
418 420 423 424 427 440 
151 317 394 684 883 883 
216 756 893 1094 1605 1605 
467 696 699 700 736 742 
184 466 699 736 749 749 
376 751 758 759 760 881 
103 169 175 346 688 691 
162 471 475 688 689 709 
470 474 475 688 691 691 
183 688 689 690 719 719 
175 327 474 487 492 692 
175 471 473 475 484 691 
162 470 471 474 476 484 
162 475 484 705 708 717 
147 374 478 479 486 492 
374 375 477 479 483 693 
477 478 483 492 692 692 
170 173 330 704 705 748 
139 153 361 362 367 402 
164 165 333 485 489 711 
478 479 484 493 692 693 
474 475 476 483 493 494 
482 489 491 706 713 716 
147 328 477 487 488 492 
327 328 473 486 492 492 
147 148 328 486 495 718 
164 171 336 482 485 491 
156 164 165 174 177 336 
163 171 172 485 489 706 
473 477 479 486 487 692 
483 484 494 693 712 712 
484 493 712 714 716 717 
140 142 328 488 496 718 
136 140 142 341 495 495 
428 429 430 437 442 460 
10 12 102 891 905 909 
410 420 426 434 510 510 
410 501 502 510 567 576 
462 500 510 514 567 568 
410 500 503 527 542 576 
410 411 502 511 527 552 
422 459 512 513 549 550 
448 506 507 517 533 539 
447 448 505 507 508 515 
505 506 508 509 533 540 
424 506 507 509 514 515 
507 508 514 573 573 573 
410 418 420 462 499 500 
411 421 503 512 552 552 
415 421 422 504 511 549 
412 459 504 516 550 551 
424 462 501 508 509 568 
423 424 447 506 508 508 
412 414 513 517 551 551 
414 448 505 516 551 551 
519 520 524 525 553 587 
518 520 535 553 562 563 
518 519 521 525 563 584 
520 525 534 541 556 577 
556 564 568 573 588 589 
535 536 547 590 590 590 
518 525 544 587 666 670 
518 520 521 524 544 577 
530 543 546 550 672 672 
502 503 528 529 542 552 
527 529 546 549 550 552 
527 528 546 548 554 580 
526 543 545 550 551 583 
532 562 563 597 601 601 
531 555 560 561 562 601 
505 507 539 540 572 583 
521 563 584 593 594 597 
519 523 536 547 553 557 
523 535 537 557 590 672 
536 538 557 569 571 578 
537 557 575 579 608 608 
505 533 545 583 583 583 
507 533 564 572 573 573 
521 556 566 574 593 596 
502 527 576 577 581 581 
526 530 583 642 644 672 
524 525 577 656 665 666 
505 530 539 551 583 583 
526 528 529 548 550 590 
523 535 548 553 554 590 
529 546 547 554 590 590 
504 512 528 550 552 552 
504 513 526 528 530 546 
505 513 516 517 530 545 
503 511 512 527 528 549 
518 519 535 547 554 587 
529 547 548 553 580 660 
532 557 559 560 561 575 
521 522 541 565 566 567 
535 536 537 538 555 561 
569 570 591 592 627 628 
555 560 566 585 599 599 
532 555 559 599 601 602 
532 535 555 557 562 562 
519 531 532 535 561 563 
519 520 531 534 562 584 
522 540 572 573 591 592 
556 566 586 588 605 605 
541 556 559 565 574 585 
500 501 556 568 576 577 
501 514 522 556 567 573 
537 558 570 571 591 641 
558 569 571 626 627 627 
537 569 570 622 626 626 
533 540 564 591 640 646 
507 509 514 522 540 564 
541 566 596 599 600 600 
538 555 557 586 606 608 
500 502 542 567 577 577 
521 525 542 544 556 567 
537 579 589 622 623 624 
537 538 578 589 607 608 
527 529 554 582 657 660 
527 542 577 582 656 657 
527 580 581 657 657 657 
530 533 539 543 545 642 
520 521 534 563 563 563 
555 559 566 586 586 586 
555 565 566 575 585 603 
518 524 553 662 669 670 
522 556 565 589 604 605 
522 578 579 588 592 609 
523 536 546 547 548 672 
558 564 569 572 592 640 
522 558 564 589 591 625 
521 534 541 594 596 596 
534 593 595 596 597 598 
594 596 598 600 600 600 
541 574 593 594 595 600 
531 534 563 594 598 601 
594 595 597 600 601 602 
559 560 566 574 600 602 
574 595 596 598 599 602 
531 532 560 597 598 602 
560 598 599 600 601 601 
586 605 606 613 613 613 
588 605 609 611 611 611 
565 586 588 603 604 611 
575 586 603 608 613 614 
579 608 610 617 619 619 
538 575 579 606 607 615 
579 588 589 604 610 611 
579 607 609 617 617 617 
604 605 609 612 617 618 
605 611 613 614 616 618 
603 605 606 612 614 614 
606 612 613 615 616 616 
606 608 614 616 620 620 
612 614 615 620 621 621 
607 609 610 611 618 619 
611 612 617 621 621 621 
607 608 617 620 620 620 
608 615 616 617 619 621 
612 616 617 618 620 620 
537 571 578 624 626 632 
578 589 624 625 629 630 
578 622 623 629 632 632 
589 592 623 628 630 630 
570 571 622 627 637 638 
558 570 626 628 635 636 
558 592 625 627 630 635 
623 624 630 631 632 632 
623 625 628 629 631 635 
629 630 632 633 634 635 
622 624 629 631 633 633 
622 631 632 638 638 638 
631 635 636 638 638 638 
627 628 630 631 634 636 
627 634 635 637 638 638 
626 627 636 638 638 638 
622 626 631 633 634 636 
643 644 645 650 654 654 
572 591 646 648 651 651 
569 591 645 648 649 650 
543 583 643 644 646 647 
639 642 644 647 652 654 
537 543 569 639 642 643 
569 639 641 644 650 650 
533 572 583 640 642 647 
642 643 646 652 653 653 
591 640 641 649 651 651 
641 648 650 651 654 655 
639 641 645 649 654 654 
640 646 648 649 653 655 
643 647 653 654 655 655 
646 647 651 652 655 655 
639 643 649 650 652 655 
649 651 652 653 654 654 
544 577 581 658 665 665 
580 581 582 658 659 660 
581 656 657 659 665 667 
657 658 660 661 664 667 
554 580 657 659 661 661 
554 659 660 662 663 664 
553 554 587 661 663 669 
661 662 664 669 670 671 
659 661 663 667 668 671 
544 656 658 666 667 668 
524 544 665 670 671 671 
658 659 664 665 668 668 
664 665 667 671 671 671 
587 662 663 670 670 670 
524 587 663 666 669 671 
663 664 665 666 668 670 
526 536 537 543 546 590 
2 16 39 50 674 677 
4 15 16 79 82 673 
16 17 18 82 676 676 
16 82 674 675 675 675 
15 39 673 674 674 674 
145 367 372 401 445 445 
348 374 375 446 455 693 
154 226 227 395 681 883 
155 161 226 394 680 883 
178 207 208 315 330 683 
180 207 315 682 695 696 
151 220 222 394 464 882 
137 160 352 353 730 731 
340 360 362 368 369 687 
149 153 318 362 369 370 
103 183 469 470 471 472 
470 472 688 690 710 710 
209 343 472 689 710 719 
175 469 471 474 688 688 
473 474 479 483 484 492 
375 478 483 493 679 712 
333 450 451 453 713 714 
207 683 696 744 747 748 
180 466 683 695 700 742 
146 154 184 185 225 698 
146 179 181 184 697 699 
181 184 466 467 698 700 
180 181 466 696 699 699 
154 225 226 697 703 757 
155 219 703 758 759 760 
155 161 226 701 702 757 
170 480 705 709 710 715 
162 330 373 476 480 704 
163 485 491 708 716 717 
163 172 208 373 491 708 
163 373 476 705 706 707 
162 470 704 705 710 710 
209 470 689 690 704 709 
333 482 713 713 713 713 
455 493 494 679 693 714 
333 482 485 694 711 714 
451 455 494 694 712 713 
170 209 704 710 724 878 
485 494 706 713 714 717 
476 484 494 706 708 716 
139 140 148 402 481 488 
183 189 343 472 690 989 
170 173 894 895 1047 1547 
173 722 723 747 748 892 
721 747 892 1086 1331 1579 
173 721 892 894 1578 1578 
715 878 884 895 1572 1572 
139 149 150 152 370 726 
138 150 152 158 352 353 
14 73 102 729 905 911 
49 78 345 729 764 974 
73 78 727 728 974 974 
160 685 731 765 890 1100 
331 352 685 730 732 890 
319 331 351 731 890 1037 
190 195 196 334 738 739 
205 206 735 739 745 745 
190 206 326 734 739 739 
334 466 467 738 741 742 
191 200 204 390 752 1070 
334 733 736 739 741 741 
190 733 734 735 738 741 
192 193 329 741 743 744 
736 738 739 740 742 744 
466 696 736 741 744 744 
192 740 744 747 747 747 
695 696 740 741 742 743 
205 329 734 739 740 741 
193 329 752 1201 1599 1602 
192 695 721 722 743 744 
173 207 330 480 682 695 
182 184 194 334 349 467 
301 302 323 324 377 378 
199 325 391 400 468 760 
204 205 329 737 746 1084 
203 337 754 755 1603 1603 
198 320 337 753 1212 1335 
203 753 1083 1603 1603 1603 
197 198 216 376 465 758 
199 225 701 703 760 760 
197 219 376 468 702 756 
468 702 758 760 760 760 
199 468 702 703 751 757 
198 756 1335 1605 1605 1605 
51 65 106 946 960 960 
63 64 110 189 959 959 
345 728 765 1010 1220 1220 
160 345 371 730 764 1220 
278 279 300 767 773 778 
278 766 772 774 871 871 
286 288 774 775 829 829 
282 289 290 770 776 777 
290 769 771 776 877 877 
284 290 388 770 827 877 
278 285 286 767 774 774 
766 778 830 858 865 871 
286 767 768 772 829 855 
287 288 768 776 777 828 
769 770 775 777 828 849 
287 289 769 775 776 776 
766 773 824 825 830 830 
780 800 816 817 818 818 
779 799 814 815 816 817 
782 783 784 793 795 809 
781 783 793 793 793 793 
781 782 784 793 794 808 
781 783 794 809 810 810 
786 787 797 811 812 812 
785 787 798 809 811 813 
785 786 796 798 812 812 
789 790 803 805 806 821 
788 790 806 806 806 806 
788 789 803 804 806 838 
792 819 820 822 822 822 
791 801 802 819 820 820 
781 782 783 795 807 808 
783 784 808 810 839 839 
781 793 809 811 811 811 
787 798 812 814 815 815 
785 807 811 812 815 815 
786 787 796 813 814 814 
780 813 814 817 817 817 
779 816 818 819 819 819 
792 802 806 813 818 819 
792 801 806 820 821 821 
788 790 804 805 823 837 
790 803 838 838 838 838 
788 803 821 823 823 823 
788 789 790 801 802 821 
793 797 808 811 815 834 
783 793 794 807 834 835 
781 784 786 795 810 811 
784 794 809 839 840 840 
785 786 793 795 797 807 
785 787 796 797 815 815 
786 798 799 801 809 814 
780 796 798 799 813 815 
780 796 797 807 812 814 
779 780 800 815 819 822 
779 780 799 813 818 818 
779 800 801 813 817 819 
791 792 800 801 816 818 
791 792 802 821 822 823 
788 802 805 806 820 823 
791 816 819 820 823 823 
803 805 816 820 821 822 
778 825 826 830 831 832 
283 300 357 766 778 824 
283 284 824 825 827 832 
284 771 826 832 833 877 
775 776 849 850 850 850 
768 774 775 854 855 857 
773 778 824 831 861 865 
824 830 832 844 860 861 
824 826 827 831 833 860 
827 832 845 860 877 877 
807 808 815 816 835 836 
808 834 839 844 861 862 
834 837 844 845 860 860 
803 816 823 834 836 838 
790 803 804 837 842 846 
794 808 810 835 840 862 
801 809 810 813 839 841 
840 843 863 864 864 864 
790 838 843 846 867 872 
790 801 806 840 841 842 
831 834 835 836 860 861 
833 836 837 846 860 877 
837 838 842 845 847 848 
846 848 849 850 877 877 
846 847 850 852 857 867 
776 828 847 850 877 877 
775 828 847 848 849 857 
852 853 854 857 868 868 
848 851 857 868 868 868 
851 854 855 856 868 869 
829 851 853 855 857 857 
774 829 853 854 856 858 
853 855 859 869 869 869 
775 829 848 850 851 852 
773 774 855 859 865 866 
855 856 858 866 869 870 
831 832 833 836 844 845 
830 831 835 844 862 865 
835 839 840 861 863 864 
840 841 862 864 864 864 
841 843 862 863 866 870 
773 830 858 861 862 866 
858 859 862 864 865 870 
842 846 848 868 872 875 
848 851 852 853 867 869 
853 856 859 868 870 876 
859 864 866 869 873 874 
766 767 773 774 858 858 
842 843 867 873 874 875 
843 864 870 872 874 874 
870 872 873 875 876 876 
867 868 872 874 876 876 
868 869 870 874 875 875 
770 771 776 827 833 845 
209 343 690 715 724 884 
246 253 267 296 309 310 
253 254 262 267 879 879 
376 393 400 468 751 751 
155 217 218 220 394 684 
227 317 394 464 680 681 
724 878 1088 1572 1572 1572 
137 150 353 726 726 726 
108 111 888 889 889 889 
123 129 130 131 888 889 
96 108 121 123 886 887 
111 131 133 886 887 888 
730 731 732 1037 1100 1202 
12 498 906 907 909 909 
721 722 723 1578 1579 1579 
216 350 465 1094 1222 1222 
173 720 723 1050 1547 1578 
170 715 720 724 1047 1572 
912 916 922 924 947 948 
913 922 950 961 962 1541 
899 900 901 908 967 968 
97 898 901 902 908 913 
77 898 901 902 967 973 
898 899 900 902 902 902 
76 77 97 899 900 901 
904 910 917 918 949 961 
903 905 908 909 910 949 
102 498 727 904 909 910 
9 11 12 71 891 907 
891 906 909 975 975 975 
898 899 904 949 962 968 
498 891 904 905 907 975 
903 904 905 911 917 971 
727 905 910 974 974 974 
896 915 948 950 1536 1539 
897 899 945 962 1537 1538 
97 899 915 945 1540 1540 
97 912 914 948 1539 1540 
106 896 924 927 947 960 
903 910 918 919 931 971 
903 917 919 921 961 981 
917 918 931 977 981 981 
931 943 971 990 1214 1214 
918 922 961 980 981 981 
896 897 921 923 924 935 
922 924 928 929 935 935 
896 916 922 923 926 927 
926 927 933 951 951 951 
924 925 927 928 930 933 
106 916 924 925 926 951 
923 924 926 929 930 930 
923 928 930 935 963 965 
926 928 929 932 933 964 
917 919 920 940 969 971 
930 933 952 964 966 966 
98 101 925 926 930 932 
953 956 963 965 982 983 
922 923 929 978 979 980 
937 969 977 986 986 986 
936 938 941 969 986 986 
110 937 941 957 958 970 
940 941 942 944 969 1221 
931 939 969 1214 1221 1221 
937 938 939 942 958 959 
939 941 944 959 989 989 
920 971 974 990 1010 1220 
939 942 989 1061 1062 1066 
899 913 914 1538 1540 1540 
50 51 97 762 947 948 
896 916 946 948 960 960 
97 896 912 915 946 947 
903 904 908 961 962 962 
896 897 912 922 1541 1541 
98 99 106 925 927 933 
100 101 932 933 966 966 
934 954 955 956 964 965 
88 89 953 955 964 966 
88 109 953 954 956 985 
934 953 955 982 985 985 
938 970 982 985 986 987 
110 938 941 959 959 959 
110 189 763 941 942 958 
106 762 916 946 947 947 
897 903 918 921 922 949 
897 899 908 913 949 961 
929 934 965 978 983 984 
930 932 953 954 965 966 
929 930 934 953 963 964 
89 100 932 952 954 964 
898 900 968 972 973 973 
71 898 906 908 967 972 
931 936 937 939 940 941 
72 107 110 938 957 987 
910 917 920 931 943 974 
71 105 967 968 973 973 
77 105 900 967 972 972 
727 728 729 910 911 943 
904 906 907 908 909 968 
977 988 1002 1003 1003 1003 
919 931 936 969 976 981 
929 935 963 979 984 995 
935 978 980 991 992 993 
921 922 935 979 981 991 
918 919 921 977 980 988 
934 956 957 983 985 986 
934 963 982 984 986 986 
963 978 983 986 1004 1004 
109 955 956 957 982 987 
936 937 938 957 977 982 
107 109 957 970 985 985 
976 977 981 1001 1003 1005 
189 719 942 944 959 1061 
920 943 1013 1214 1220 1220 
979 980 981 992 1012 1012 
979 991 993 1012 1723 1723 
979 992 994 1009 1723 1723 
979 993 995 996 1000 1009 
978 979 994 996 997 997 
994 995 997 998 1000 1000 
978 995 996 998 999 1002 
996 997 999 1000 1005 1008 
997 998 1002 1003 1005 1005 
994 996 998 1008 1009 1011 
981 988 1005 1006 1012 1012 
976 977 986 997 999 1003 
976 988 999 1002 1005 1005 
978 984 986 997 1002 1002 
988 998 999 1001 1003 1006 
1001 1005 1007 1008 1012 1012 
1006 1008 1012 1329 1723 1723 
998 1000 1005 1006 1007 1011 
993 994 1000 1011 1330 1723 
728 764 943 974 1220 1220 
1000 1008 1009 1329 1330 1330 
981 991 992 1001 1006 1007 
990 1014 1067 1214 1220 1220 
1013 1018 1066 1067 1218 1220 
1016 1019 1100 1217 1218 1242 
1015 1023 1025 1100 1217 1227 
1025 1032 1362 1548 1580 1581 
1014 1019 1052 1066 1199 1218 
1015 1018 1198 1199 1218 1361 
1103 1239 1240 1241 1328 1548 
1022 1103 1239 1241 1256 1257 
1021 1045 1046 1207 1208 1239 
1016 1025 1227 1582 1582 1582 
1223 1224 1236 1264 1349 1350 
1016 1017 1023 1217 1362 1574 
1027 1029 1031 1031 1031 1031 
1026 1029 1031 1036 1038 1099 
1030 1074 1102 1255 1544 1560 
1026 1027 1031 1099 1192 1328 
1028 1074 1097 1255 1255 1255 
1026 1027 1029 1036 1192 1240 
1017 1232 1362 1548 1548 1548 
1034 1058 1257 1258 1332 1556 
1033 1102 1257 1334 1544 1556 
1036 1037 1202 1203 1227 1582 
1027 1031 1035 1037 1038 1582 
732 890 1035 1036 1038 1202 
1027 1036 1037 1098 1099 1226 
1040 1346 1563 1565 1573 1573 
1039 1048 1355 1563 1565 1565 
1055 1209 1210 1238 1347 1352 
1043 1044 1219 1336 1337 1338 
343 878 1042 1088 1219 1567 
1042 1336 1561 1562 1566 1567 
1022 1046 1215 1216 1239 1239 
1022 1045 1048 1049 1057 1208 
720 895 1343 1547 1568 1572 
1040 1046 1049 1209 1216 1355 
1046 1048 1057 1564 1564 1564 
894 1193 1547 1578 1579 1579 
1053 1055 1231 1277 1325 1352 
1018 1061 1062 1066 1199 1339 
1051 1054 1055 1296 1325 1577 
1053 1055 1238 1296 1306 1323 
1041 1051 1053 1054 1238 1352 
1057 1087 1191 1260 1553 1564 
1046 1049 1056 1190 1191 1207 
1033 1060 1258 1259 1332 1332 
1060 1190 1191 1545 1554 1591 
1058 1059 1190 1259 1332 1333 
944 989 1052 1062 1337 1338 
944 1052 1061 1066 1066 1066 
1064 1065 1068 1069 1196 1206 
1063 1065 1069 1332 1334 1556 
1063 1064 1332 1333 1585 1585 
944 1014 1018 1052 1062 1067 
1013 1014 1066 1214 1221 1221 
1063 1069 1076 1195 1196 1196 
1063 1064 1068 1076 1334 1334 
390 737 1078 1079 1084 1085 
192 193 1201 1331 1593 1596 
1073 1104 1111 1583 1586 1586 
1072 1089 1111 1115 1116 1197 
1028 1030 1075 1096 1097 1557 
1074 1094 1095 1096 1557 1559 
1068 1069 1077 1195 1266 1334 
1076 1265 1266 1560 1604 1604 
390 1070 1079 1090 1228 1228 
1070 1078 1089 1090 1197 1197 
1081 1091 1108 1195 1254 1721 
1080 1092 1105 1108 1601 1721 
202 303 321 1083 1245 1246 
202 203 755 1082 1211 1212 
737 752 1070 1085 1602 1602 
1070 1084 1197 1587 1592 1602 
722 1193 1260 1545 1555 1579 
1056 1193 1260 1343 1344 1553 
878 884 1043 1567 1568 1572 
1073 1079 1090 1116 1197 1248 
1078 1079 1089 1110 1228 1248 
1080 1108 1112 1114 1195 1196 
1081 1105 1185 1189 1230 1249 
1211 1212 1265 1335 1601 1721 
465 893 1075 1095 1222 1605 
1075 1094 1096 1098 1222 1222 
1074 1075 1095 1097 1098 1099 
1030 1074 1096 1099 1255 1546 
1038 1095 1096 1099 1222 1226 
1027 1029 1038 1096 1097 1098 
730 890 1015 1016 1203 1227 
1110 1118 1228 1247 1267 1269 
1028 1034 1334 1544 1558 1560 
1020 1021 1241 1257 1328 1544 
1072 1111 1112 1129 1196 1206 
1081 1092 1108 1249 1249 1249 
1107 1109 1172 1173 1194 1261 
1106 1109 1125 1131 1173 1247 
1080 1081 1091 1105 1113 1114 
1106 1107 1213 1247 1261 1261 
1090 1101 1117 1118 1228 1248 
1072 1073 1104 1115 1129 1133 
1091 1104 1114 1127 1129 1196 
1108 1128 1132 1137 1249 1249 
1091 1108 1112 1127 1128 1128 
1073 1111 1116 1181 1182 1182 
1073 1089 1115 1182 1183 1248 
1110 1118 1130 1134 1183 1248 
1101 1110 1117 1130 1269 1270 
1120 1121 1140 1147 1181 1182 
1119 1134 1135 1147 1148 1182 
1119 1122 1133 1140 1141 1181 
1121 1123 1127 1129 1133 1141 
1122 1127 1128 1137 1142 1143 
1125 1131 1145 1146 1174 1174 
1107 1124 1131 1145 1270 1271 
1136 1174 1175 1184 1185 1718 
1112 1114 1122 1123 1128 1129 
1108 1113 1114 1123 1127 1137 
1104 1111 1112 1122 1127 1133 
1117 1118 1134 1135 1270 1271 
1107 1124 1125 1173 1174 1174 
1113 1136 1137 1185 1249 1249 
1111 1121 1122 1129 1181 1181 
1117 1120 1130 1135 1183 1183 
1120 1130 1134 1148 1271 1272 
1126 1132 1137 1138 1185 1718 
1113 1123 1128 1132 1136 1138 
1136 1137 1144 1720 1720 1720 
1140 1147 1159 1188 1250 1250 
1119 1121 1139 1141 1147 1188 
1121 1122 1140 1142 1149 1188 
1122 1123 1141 1143 1149 1151 
1123 1137 1142 1144 1151 1151 
1137 1138 1143 1150 1151 1720 
1124 1125 1146 1153 1154 1271 
1124 1145 1153 1174 1175 1175 
1119 1120 1139 1140 1148 1159 
1120 1135 1147 1159 1160 1272 
1141 1142 1156 1253 1253 1253 
1144 1151 1152 1186 1718 1720 
1142 1143 1144 1150 1152 1155 
1150 1151 1163 1167 1168 1186 
1145 1146 1154 1157 1175 1176 
1145 1153 1157 1158 1273 1273 
1142 1151 1156 1161 1163 1163 
1142 1149 1155 1161 1162 1253 
1153 1154 1158 1164 1177 1178 
1154 1157 1164 1273 1274 1274 
1139 1147 1148 1160 1165 1250 
1148 1159 1165 1166 1273 1274 
1155 1156 1162 1163 1611 1611 
1156 1161 1252 1253 1611 1612 
1151 1152 1155 1161 1167 1611 
1157 1158 1170 1274 1606 1616 
1159 1160 1166 1169 1170 1171 
1160 1165 1170 1274 1274 1274 
1152 1163 1168 1613 1614 1614 
1152 1167 1177 1178 1186 1614 
1165 1170 1171 1609 1617 1617 
1164 1165 1166 1169 1274 1616 
1165 1169 1250 1251 1609 1610 
1106 1173 1189 1194 1230 1230 
1106 1107 1131 1172 1174 1184 
1124 1126 1131 1146 1173 1175 
1126 1146 1153 1174 1176 1187 
1153 1175 1177 1186 1187 1187 
1153 1157 1168 1176 1178 1186 
1157 1168 1177 1606 1615 1664 
1180 1194 1245 1262 1262 1262 
1179 1245 1262 1268 1601 1601 
1111 1115 1119 1121 1133 1182 
1115 1116 1119 1120 1181 1183 
1116 1117 1120 1134 1182 1248 
1126 1173 1174 1185 1189 1189 
1092 1126 1132 1136 1184 1189 
1150 1152 1168 1176 1177 1187 
1175 1176 1186 1718 1719 1719 
1139 1140 1141 1250 1251 1252 
1092 1172 1173 1184 1185 1230 
1057 1059 1060 1191 1207 1259 
1056 1057 1059 1190 1260 1545 
1029 1031 1240 1328 1328 1328 
1050 1086 1087 1260 1343 1547 
1106 1172 1179 1230 1245 1246 
1068 1076 1080 1091 1196 1254 
1063 1068 1091 1104 1112 1195 
1070 1073 1079 1085 1089 1586 
1019 1199 1350 1351 1361 1361 
1018 1019 1052 1198 1339 1351 
1336 1337 1340 1341 1359 1549 
193 746 1071 1593 1599 1599 
890 1035 1037 1203 1203 1203 
890 1035 1100 1202 1227 1227 
1205 1238 1304 1365 1552 1570 
1204 1238 1304 1306 1364 1364 
1063 1104 1196 1583 1584 1585 
1022 1057 1190 1208 1256 1258 
1022 1046 1057 1207 1207 1207 
1041 1048 1210 1216 1355 1355 
1041 1209 1215 1216 1234 1352 
1083 1093 1212 1245 1268 1601 
754 1083 1093 1211 1335 1603 
321 322 1109 1247 1261 1267 
920 931 940 990 1013 1067 
1045 1210 1216 1225 1234 1239 
1045 1046 1048 1209 1210 1215 
1015 1016 1025 1361 1363 1574 
1014 1015 1018 1019 1242 1242 
343 719 989 1042 1043 1338 
764 765 943 990 1010 1013 
939 940 944 1066 1067 1214 
319 350 893 1094 1095 1098 
1024 1224 1243 1264 1353 1542 
1024 1223 1235 1236 1542 1542 
1215 1232 1234 1239 1548 1548 
319 732 1037 1038 1098 1222 
1016 1023 1035 1100 1203 1582 
355 390 1078 1090 1101 1110 
355 1228 1267 1267 1267 1267 
1092 1172 1189 1194 1262 1262 
1051 1237 1277 1297 1300 1325 
1032 1225 1233 1234 1353 1362 
1232 1234 1237 1243 1277 1353 
1210 1215 1225 1232 1233 1277 
1224 1236 1298 1308 1317 1542 
1024 1224 1235 1263 1298 1309 
1231 1233 1243 1277 1297 1307 
1041 1054 1055 1204 1205 1306 
1020 1021 1022 1045 1215 1225 
1020 1031 1192 1328 1581 1582 
1020 1021 1103 1239 1239 1239 
730 765 1014 1015 1100 1218 
1223 1233 1237 1307 1308 1353 
1342 1354 1357 1543 1551 1551 
1082 1083 1179 1180 1194 1211 
321 1082 1194 1245 1261 1261 
1101 1107 1109 1213 1267 1269 
1089 1090 1110 1116 1117 1183 
1092 1105 1108 1113 1132 1185 
1139 1159 1165 1171 1188 1251 
1171 1188 1250 1252 1610 1618 
1162 1188 1251 1253 1618 1618 
1141 1149 1156 1162 1188 1252 
1080 1195 1266 1721 1721 1721 
1028 1030 1097 1328 1546 1722 
1021 1022 1207 1257 1258 1258 
1021 1033 1034 1103 1256 1258 
1033 1058 1207 1256 1257 1259 
1058 1060 1190 1207 1258 1258 
1056 1086 1087 1191 1193 1545 
321 1106 1109 1194 1213 1246 
1092 1179 1180 1194 1230 1601 
1236 1309 1354 1543 1543 1543 
1024 1223 1353 1362 1574 1574 
1077 1093 1266 1335 1604 1721 
1076 1077 1195 1254 1265 1721 
291 292 322 355 1101 1213 
1180 1211 1245 1601 1601 1601 
1101 1107 1118 1247 1270 1270 
1107 1118 1125 1130 1269 1271 
1125 1130 1135 1145 1270 1272 
1135 1145 1148 1271 1273 1273 
1145 1148 1154 1158 1160 1272 
1158 1160 1164 1166 1170 1273 
1276 1315 1318 1319 1552 1552 
1275 1310 1318 1543 1551 1552 
1051 1231 1233 1234 1237 1352 
1285 1321 1322 1373 1405 1406 
1280 1283 1303 1313 1314 1366 
1279 1283 1286 1368 1369 1374 
1290 1320 1321 1322 1376 1417 
1284 1288 1291 1292 1326 1372 
1279 1280 1286 1305 1314 1314 
1282 1291 1366 1372 1372 1372 
1278 1286 1300 1301 1322 1373 
1280 1283 1285 1301 1305 1373 
1288 1292 1293 1311 1316 1375 
1282 1287 1292 1326 1367 1375 
1293 1311 1312 1324 1324 1324 
1281 1294 1295 1312 1320 1324 
1282 1284 1292 1299 1310 1366 
1282 1287 1288 1291 1310 1315 
1287 1289 1304 1311 1316 1324 
1290 1295 1296 1323 1324 1577 
1290 1294 1320 1577 1577 1577 
1053 1054 1294 1323 1577 1577 
1231 1237 1300 1301 1307 1327 
1235 1236 1299 1303 1309 1317 
1291 1298 1303 1309 1310 1366 
1231 1285 1297 1301 1320 1322 
1285 1286 1297 1300 1305 1327 
1303 1305 1307 1308 1314 1317 
1279 1298 1299 1302 1314 1317 
1204 1205 1293 1316 1319 1324 
1283 1286 1301 1302 1314 1327 
1054 1205 1238 1323 1364 1364 
1237 1243 1297 1302 1308 1327 
1235 1243 1302 1307 1317 1542 
1236 1263 1298 1299 1310 1543 
1276 1291 1292 1299 1309 1318 
1287 1289 1293 1312 1370 1371 
1289 1290 1311 1324 1376 1416 
1279 1366 1368 1372 1440 1440 
1279 1283 1302 1303 1305 1305 
1275 1292 1316 1318 1319 1319 
1287 1292 1293 1304 1315 1319 
1235 1298 1302 1303 1308 1308 
1275 1276 1292 1310 1315 1315 
1275 1304 1315 1316 1552 1552 
1281 1290 1295 1300 1322 1325 
1278 1281 1322 1406 1407 1417 
1278 1281 1285 1300 1320 1321 
1054 1294 1296 1306 1324 1364 
1289 1290 1293 1294 1304 1312 
1051 1053 1231 1300 1320 1577 
1282 1288 1367 1372 1372 1372 
1297 1301 1302 1305 1307 1307 
1020 1029 1103 1192 1240 1255 
1007 1008 1011 1330 1723 1723 
1009 1011 1329 1723 1723 1723 
192 722 747 1071 1600 1600 
1033 1058 1060 1064 1065 1333 
1060 1065 1332 1585 1591 1591 
1034 1064 1069 1076 1102 1556 
198 754 761 1093 1212 1265 
1042 1044 1200 1337 1341 1566 
1042 1061 1200 1336 1338 1549 
989 1042 1061 1219 1337 1337 
1052 1199 1340 1356 1549 1549 
1200 1339 1356 1359 1549 1550 
1200 1336 1358 1359 1573 1573 
1244 1348 1354 1357 1550 1576 
1047 1087 1193 1344 1547 1561 
1087 1343 1345 1553 1561 1562 
1344 1346 1553 1562 1565 1565 
1039 1345 1562 1565 1573 1573 
1041 1355 1365 1570 1571 1571 
1342 1357 1358 1359 1360 1550 
1024 1236 1354 1575 1575 1575 
1024 1198 1351 1361 1574 1575 
1198 1199 1350 1356 1575 1576 
1041 1051 1055 1210 1234 1277 
1223 1232 1233 1243 1264 1362 
1236 1244 1263 1342 1349 1543 
1040 1041 1048 1209 1347 1563 
1199 1339 1340 1351 1550 1576 
1244 1342 1348 1360 1551 1569 
1341 1348 1359 1360 1573 1573 
1200 1340 1341 1348 1358 1550 
1348 1357 1358 1569 1571 1573 
1019 1198 1217 1350 1363 1574 
1017 1025 1032 1232 1264 1353 
1015 1019 1217 1361 1361 1361 
1205 1304 1306 1323 1324 1324 
1041 1204 1238 1347 1570 1570 
1279 1284 1291 1299 1303 1313 
1288 1326 1372 1375 1428 1440 
1279 1280 1313 1399 1409 1440 
1280 1374 1405 1409 1409 1409 
1311 1371 1408 1416 1416 1416 
1311 1370 1375 1408 1437 1437 
1282 1284 1313 1326 1366 1367 
1278 1285 1286 1374 1405 1405 
1280 1286 1369 1373 1405 1405 
1287 1288 1311 1367 1371 1434 
1281 1290 1312 1416 1417 1417 
1378 1379 1384 1385 1411 1412 
1377 1379 1380 1384 1424 1448 
1377 1378 1394 1404 1412 1423 
1378 1384 1393 1414 1439 1448 
1382 1383 1414 1428 1434 1453 
1381 1383 1425 1433 1434 1451 
1381 1382 1414 1426 1427 1451 
1377 1378 1380 1385 1401 1439 
1377 1384 1401 1411 1532 1533 
1387 1390 1400 1402 1406 1407 
1386 1388 1389 1402 1406 1409 
1387 1389 1399 1409 1445 1445 
1387 1388 1402 1403 1410 1444 
1386 1400 1407 1417 1447 1447 
1392 1398 1408 1416 1431 1447 
1391 1416 1417 1447 1447 1447 
1380 1414 1435 1448 1458 1460 
1379 1395 1404 1422 1423 1454 
1394 1396 1415 1422 1454 1535 
1395 1397 1415 1430 1442 1470 
1396 1429 1430 1442 1443 1488 
1391 1408 1425 1431 1432 1433 
1368 1388 1409 1440 1441 1445 
1386 1390 1447 1508 1510 1535 
1384 1385 1441 1455 1530 1531 
1386 1387 1389 1403 1454 1454 
1389 1402 1404 1410 1454 1454 
1379 1394 1403 1410 1412 1454 
1278 1369 1373 1374 1406 1409 
1278 1321 1386 1387 1405 1407 
1321 1386 1390 1406 1417 1417 
1370 1371 1391 1398 1416 1437 
1280 1368 1369 1387 1388 1399 
1389 1403 1404 1411 1412 1444 
1377 1385 1410 1412 1522 1528 
1377 1379 1404 1410 1411 1411 
1415 1420 1421 1422 1438 1449 
1380 1381 1383 1393 1426 1428 
1395 1396 1413 1422 1438 1470 
1311 1312 1370 1376 1391 1392 
1281 1321 1376 1390 1392 1407 
1419 1429 1456 1457 1494 1494 
1418 1429 1430 1456 1507 1511 
1413 1421 1422 1423 1459 1464 
1413 1420 1426 1450 1465 1468 
1394 1395 1413 1415 1420 1423 
1379 1394 1420 1422 1424 1459 
1378 1379 1423 1448 1458 1459 
1382 1398 1432 1433 1456 1457 
1383 1414 1421 1427 1435 1436 
1383 1426 1449 1451 1471 1473 
1367 1381 1414 1439 1440 1441 
1397 1418 1419 1430 1492 1493 
1396 1397 1419 1429 1510 1511 
1391 1398 1432 1447 1506 1508 
1398 1425 1431 1456 1506 1506 
1382 1398 1425 1434 1437 1437 
1375 1381 1382 1433 1437 1453 
1393 1414 1426 1436 1462 1466 
1426 1435 1466 1466 1466 1466 
1371 1375 1398 1408 1433 1434 
1413 1415 1449 1470 1470 1470 
1380 1384 1414 1428 1441 1441 
1313 1367 1368 1372 1399 1428 
1384 1399 1401 1428 1439 1440 
1396 1397 1443 1452 1474 1475 
1397 1442 1452 1488 1490 1491 
1389 1410 1445 1522 1526 1526 
1388 1389 1399 1444 1446 1523 
1399 1441 1445 1455 1525 1525 
1390 1391 1392 1400 1417 1431 
1378 1380 1393 1424 1458 1458 
1413 1426 1427 1438 1450 1470 
1413 1421 1426 1449 1449 1449 
1382 1383 1427 1452 1472 1473 
1382 1442 1443 1451 1457 1475 
1367 1375 1381 1428 1434 1434 
1386 1394 1395 1402 1403 1404 
1401 1441 1446 1525 1531 1531 
1418 1419 1425 1432 1457 1505 
1382 1418 1425 1452 1456 1489 
1393 1424 1448 1459 1460 1463 
1420 1423 1424 1458 1463 1464 
1393 1458 1461 1462 1463 1463 
1460 1462 1463 1463 1463 1463 
1393 1435 1460 1461 1463 1466 
1458 1459 1460 1461 1462 1464 
1420 1459 1463 1467 1467 1467 
1421 1426 1466 1468 1469 1469 
1426 1435 1436 1462 1465 1469 
1420 1463 1464 1468 1469 1469 
1420 1421 1465 1467 1469 1469 
1462 1463 1465 1466 1467 1468 
1396 1415 1438 1449 1474 1477 
1427 1449 1473 1477 1478 1479 
1451 1473 1475 1482 1482 1482 
1427 1451 1471 1472 1479 1482 
1396 1442 1470 1476 1485 1486 
1442 1451 1452 1472 1476 1482 
1442 1474 1475 1483 1484 1486 
1449 1470 1471 1478 1480 1480 
1471 1477 1479 1480 1481 1482 
1471 1473 1478 1482 1482 1482 
1470 1477 1478 1481 1485 1486 
1478 1480 1482 1484 1486 1486 
1472 1473 1475 1478 1479 1481 
1476 1484 1486 1486 1486 1486 
1475 1476 1481 1482 1483 1486 
1470 1474 1480 1487 1487 1487 
1474 1476 1480 1481 1483 1484 
1474 1480 1485 1486 1486 1486 
1397 1443 1491 1492 1498 1503 
1452 1457 1490 1494 1499 1499 
1443 1452 1489 1491 1496 1499 
1443 1488 1490 1496 1498 1498 
1397 1429 1488 1493 1502 1503 
1429 1492 1495 1501 1502 1502 
1418 1429 1457 1489 1495 1499 
1429 1493 1494 1500 1501 1501 
1490 1491 1497 1498 1499 1499 
1496 1498 1499 1501 1503 1503 
1488 1491 1496 1497 1503 1503 
1489 1490 1494 1496 1497 1500 
1494 1495 1499 1501 1501 1501 
1493 1495 1497 1499 1500 1502 
1492 1493 1501 1503 1503 1503 
1488 1492 1497 1498 1501 1502 
1509 1510 1511 1515 1520 1520 
1456 1506 1507 1514 1517 1517 
1431 1432 1456 1505 1512 1517 
1419 1456 1505 1511 1514 1515 
1400 1431 1447 1509 1510 1513 
1504 1508 1510 1513 1519 1520 
1396 1400 1430 1504 1508 1509 
1419 1430 1504 1507 1510 1515 
1431 1506 1513 1517 1518 1519 
1431 1508 1509 1512 1519 1519 
1505 1507 1515 1516 1517 1517 
1504 1507 1511 1514 1516 1520 
1514 1515 1517 1518 1520 1521 
1505 1506 1512 1514 1516 1518 
1512 1516 1517 1519 1521 1521 
1509 1512 1513 1518 1520 1521 
1504 1509 1515 1516 1519 1521 
1516 1518 1519 1520 1520 1520 
1410 1411 1444 1526 1528 1528 
1445 1524 1525 1526 1527 1528 
1523 1525 1527 1531 1531 1531 
1445 1446 1455 1523 1524 1531 
1444 1445 1522 1523 1528 1528 
1523 1524 1528 1529 1531 1534 
1411 1522 1523 1526 1527 1529 
1527 1528 1532 1534 1534 1534 
1401 1531 1533 1534 1534 1534 
1401 1455 1524 1525 1527 1530 
1385 1411 1528 1529 1533 1534 
1385 1401 1530 1532 1534 1534 
1527 1529 1530 1531 1532 1533 
1386 1395 1396 1400 1454 1510 
912 1537 1539 1541 1541 1541 
913 1536 1538 1539 1541 1541 
913 945 1537 1539 1540 1540 
912 915 1536 1537 1538 1540 
914 915 945 1538 1539 1539 
897 912 913 950 1536 1537 
1223 1224 1235 1243 1308 1308 
1244 1263 1276 1309 1310 1354 
1028 1034 1102 1103 1257 1722 
1059 1086 1191 1260 1554 1555 
1029 1097 1099 1255 1328 1328 
720 894 1047 1050 1193 1343 
1017 1020 1032 1225 1232 1239 
1052 1061 1200 1337 1339 1340 
1340 1342 1348 1356 1359 1576 
1244 1276 1357 1543 1569 1569 
1204 1275 1276 1304 1319 1569 
1056 1087 1344 1345 1564 1565 
1059 1545 1555 1588 1591 1595 
1086 1545 1554 1597 1600 1600 
1033 1034 1064 1332 1334 1334 
1074 1075 1559 1560 1604 1604 
1076 1102 1334 1560 1560 1560 
1075 1557 1604 1605 1605 1605 
1028 1074 1076 1077 1102 1557 
1044 1343 1344 1562 1568 1568 
1044 1344 1345 1346 1561 1566 
1039 1040 1355 1571 1573 1573 
1048 1049 1056 1057 1553 1565 
1039 1040 1048 1345 1346 1553 
1044 1336 1562 1573 1573 1573 
1042 1043 1044 1088 1568 1568 
1044 1047 1088 1343 1561 1567 
1276 1357 1360 1551 1552 1571 
1204 1347 1365 1552 1571 1571 
1347 1355 1360 1552 1563 1569 
724 884 895 1047 1088 1568 
1039 1336 1341 1346 1358 1360 
1024 1025 1217 1264 1350 1361 
1024 1349 1350 1351 1354 1576 
1342 1351 1354 1356 1550 1575 
1053 1294 1295 1296 1320 1325 
723 892 894 1050 1579 1579 
722 892 1050 1086 1193 1578 
1017 1025 1581 1582 1582 1582 
1017 1020 1240 1548 1580 1582 
1023 1025 1031 1035 1036 1227 
1072 1104 1206 1584 1586 1590 
1206 1583 1585 1588 1590 1598 
1063 1065 1206 1333 1584 1588 
1072 1073 1197 1583 1587 1589 
1085 1197 1586 1589 1592 1592 
1554 1584 1585 1591 1595 1598 
1586 1587 1590 1592 1594 1598 
1583 1584 1586 1589 1598 1598 
1059 1060 1333 1554 1585 1588 
1085 1587 1589 1593 1594 1602 
1071 1201 1592 1594 1596 1599 
1589 1592 1593 1595 1596 1597 
1554 1588 1594 1597 1598 1598 
1071 1593 1594 1597 1600 1600 
1554 1555 1594 1595 1596 1600 
1584 1588 1589 1590 1594 1595 
746 1201 1593 1602 1602 1602 
722 1071 1086 1331 1555 1596 
1081 1092 1093 1180 1211 1262 
746 752 1084 1085 1592 1593 
753 754 755 1083 1212 1212 
1077 1265 1335 1557 1559 1560 
465 756 761 1075 1094 1335 
1157 1164 1178 1607 1608 1615 
1606 1608 1615 1620 1708 1709 
1606 1607 1616 1617 1697 1709 
1169 1171 1610 1617 1619 1670 
1171 1251 1609 1618 1619 1619 
1161 1162 1163 1612 1613 1669 
1162 1611 1618 1669 1669 1669 
1163 1167 1611 1614 1667 1717 
1167 1168 1613 1666 1667 1667 
1178 1606 1607 1620 1664 1665 
1164 1170 1606 1608 1617 1617 
1169 1170 1608 1609 1616 1670 
1162 1251 1252 1610 1612 1619 
1609 1610 1618 1669 1670 1690 
1607 1615 1665 1671 1699 1702 
1622 1639 1654 1656 1657 1657 
1621 1641 1643 1656 1657 1658 
1624 1625 1634 1636 1650 1650 
1623 1625 1635 1650 1651 1651 
1623 1624 1634 1635 1648 1648 
1627 1628 1652 1653 1655 1655 
1626 1628 1637 1638 1653 1653 
1626 1627 1638 1640 1650 1652 
1630 1631 1662 1663 1679 1679 
1629 1631 1647 1679 1682 1682 
1629 1630 1647 1661 1662 1662 
1633 1643 1659 1660 1660 1660 
1632 1644 1645 1659 1660 1660 
1623 1625 1636 1648 1649 1652 
1624 1625 1648 1651 1680 1680 
1623 1634 1650 1652 1652 1652 
1627 1638 1653 1654 1656 1656 
1627 1628 1637 1640 1654 1654 
1621 1640 1654 1657 1657 1657 
1628 1638 1639 1644 1650 1651 
1622 1658 1659 1659 1659 1659 
1645 1646 1660 1661 1661 1661 
1622 1632 1646 1656 1659 1660 
1633 1640 1645 1647 1658 1659 
1633 1642 1644 1647 1660 1661 
1642 1643 1660 1661 1662 1663 
1630 1631 1644 1645 1661 1682 
1625 1634 1635 1649 1674 1676 
1634 1648 1652 1655 1656 1676 
1623 1624 1628 1636 1640 1651 
1624 1635 1640 1650 1680 1681 
1626 1628 1634 1636 1649 1650 
1626 1627 1637 1655 1656 1656 
1621 1637 1638 1639 1640 1656 
1626 1649 1652 1653 1656 1656 
1621 1622 1637 1643 1649 1653 
1621 1622 1639 1640 1658 1658 
1622 1640 1641 1644 1657 1659 
1622 1632 1633 1641 1643 1644 
1632 1633 1642 1643 1645 1646 
1631 1642 1645 1646 1647 1662 
1629 1631 1646 1661 1663 1663 
1629 1646 1662 1677 1678 1679 
1168 1178 1615 1665 1666 1666 
1615 1620 1664 1666 1668 1671 
1168 1614 1664 1665 1667 1668 
1613 1614 1666 1668 1673 1717 
1665 1666 1667 1671 1672 1673 
1611 1612 1618 1619 1689 1690 
1609 1617 1619 1688 1690 1691 
1620 1665 1668 1672 1685 1699 
1668 1671 1673 1677 1678 1685 
1667 1668 1672 1678 1686 1717 
1648 1675 1676 1680 1680 1680 
1674 1676 1680 1685 1699 1700 
1648 1649 1674 1675 1677 1685 
1643 1646 1649 1656 1663 1672 
1663 1672 1673 1677 1686 1686 
1629 1630 1663 1682 1686 1687 
1635 1648 1651 1674 1675 1681 
1640 1644 1651 1680 1683 1684 
1630 1647 1679 1684 1704 1711 
1681 1684 1710 1712 1712 1712 
1644 1647 1681 1682 1683 1711 
1671 1672 1675 1676 1677 1699 
1663 1673 1678 1679 1687 1717 
1679 1686 1688 1689 1690 1704 
1670 1687 1690 1692 1704 1705 
1611 1669 1687 1690 1717 1717 
1619 1669 1670 1687 1688 1689 
1670 1692 1693 1694 1705 1705 
1670 1688 1691 1705 1705 1705 
1670 1691 1694 1695 1695 1695 
1691 1693 1695 1696 1705 1706 
1617 1670 1693 1694 1696 1697 
1694 1695 1698 1706 1706 1706 
1608 1617 1695 1698 1702 1703 
1695 1696 1697 1703 1706 1707 
1620 1671 1675 1685 1700 1702 
1675 1680 1681 1699 1701 1702 
1700 1703 1707 1710 1712 1712 
1620 1697 1699 1700 1703 1708 
1697 1698 1700 1701 1702 1707 
1679 1682 1687 1688 1705 1711 
1688 1691 1692 1694 1704 1706 
1694 1696 1698 1705 1707 1715 
1698 1701 1703 1706 1712 1715 
1607 1620 1697 1702 1709 1709 
1607 1608 1697 1708 1708 1708 
1681 1683 1700 1701 1712 1712 
1682 1684 1704 1712 1713 1714 
1683 1684 1701 1707 1710 1711 
1711 1712 1714 1716 1716 1716 
1704 1705 1711 1713 1715 1716 
1705 1706 1707 1714 1716 1716 
1707 1712 1713 1714 1715 1715 
1611 1613 1667 1673 1686 1687 
1126 1136 1150 1186 1187 1719 
1126 1175 1187 1718 1718 1718 
1136 1138 1144 1150 1718 1718 
1080 1081 1093 1254 1265 1266 
1028 1103 1255 1328 1544 1544 
992 993 1007 1009 1012 1329 
