1 2 
1 26 
1 27 
1 29 
1 38 
1 51 
1 55 
1 65 
2 38 
2 39 
2 50 
2 51 
2 673 
3 15 
3 27 
3 38 
3 53 
3 66 
3 87 
4 5 
4 6 
4 13 
4 79 
4 82 
4 674 
5 6 
5 7 
5 8 
5 13 
5 75 
5 105 
6 8 
6 81 
6 82 
7 8 
7 74 
7 75 
7 104 
8 74 
8 76 
8 77 
8 81 
8 97 
9 11 
9 13 
9 71 
9 105 
9 906 
10 11 
10 12 
10 13 
10 14 
10 19 
10 52 
10 102 
10 498 
11 12 
11 13 
11 906 
12 498 
12 891 
12 906 
13 52 
13 79 
13 105 
14 19 
14 21 
14 73 
14 102 
14 727 
15 38 
15 39 
15 66 
15 79 
15 674 
15 677 
16 17 
16 50 
16 673 
16 674 
16 675 
16 676 
17 18 
17 50 
17 80 
17 675 
18 80 
18 81 
18 82 
18 675 
19 20 
19 21 
19 52 
19 66 
20 21 
20 22 
20 23 
20 32 
20 53 
20 66 
20 96 
21 32 
21 73 
22 23 
22 24 
22 96 
23 24 
23 32 
23 33 
24 33 
24 83 
24 84 
24 96 
25 32 
25 49 
25 73 
25 78 
25 135 
25 187 
25 344 
26 27 
26 29 
26 30 
26 31 
27 30 
27 38 
27 40 
27 87 
28 29 
28 35 
28 54 
28 55 
28 57 
29 31 
29 35 
29 55 
30 31 
30 40 
30 67 
30 68 
31 34 
31 35 
31 68 
31 69 
32 33 
32 73 
32 187 
33 42 
33 45 
33 84 
33 187 
33 338 
34 35 
34 56 
34 69 
34 70 
35 56 
35 57 
36 41 
36 58 
36 67 
36 90 
36 93 
37 43 
37 44 
37 62 
37 72 
37 90 
37 91 
37 93 
37 94 
38 39 
39 673 
39 677 
40 67 
40 85 
40 87 
41 67 
41 85 
41 93 
41 94 
41 125 
41 128 
42 43 
42 45 
42 48 
42 84 
42 94 
42 125 
43 44 
43 48 
43 94 
44 47 
44 48 
44 64 
44 72 
45 46 
45 48 
45 338 
45 347 
46 47 
46 48 
46 346 
46 347 
47 48 
47 63 
47 64 
47 103 
47 346 
49 78 
49 135 
49 345 
49 728 
50 51 
50 80 
50 97 
50 673 
50 946 
51 65 
51 762 
51 946 
52 66 
52 79 
53 66 
53 87 
53 96 
53 108 
54 55 
54 57 
54 98 
54 99 
55 65 
55 99 
55 106 
56 57 
56 70 
56 100 
56 101 
57 98 
57 101 
58 59 
58 60 
58 61 
58 67 
58 68 
58 69 
58 90 
59 60 
59 90 
59 91 
59 92 
60 61 
60 88 
60 92 
60 109 
61 69 
61 70 
61 88 
61 89 
62 72 
62 91 
62 95 
63 64 
63 103 
63 183 
63 189 
63 763 
64 72 
64 110 
64 763 
65 106 
65 762 
66 79 
67 68 
67 85 
68 69 
69 70 
70 89 
70 100 
71 105 
71 906 
71 968 
71 972 
72 95 
72 107 
72 110 
72 970 
73 78 
73 727 
73 729 
74 77 
74 104 
74 105 
75 104 
75 105 
76 77 
76 97 
76 902 
77 105 
77 900 
77 902 
77 973 
78 728 
78 729 
79 674 
80 81 
80 97 
81 82 
81 97 
82 674 
82 675 
82 676 
83 84 
83 96 
83 125 
83 126 
83 127 
84 125 
85 86 
85 87 
85 113 
85 115 
85 128 
86 87 
86 108 
86 111 
86 112 
86 113 
87 108 
88 89 
88 109 
88 954 
88 955 
89 100 
89 954 
89 966 
90 91 
90 93 
91 92 
91 95 
92 95 
92 109 
93 94 
94 125 
95 107 
95 109 
96 108 
96 121 
96 122 
96 124 
96 126 
96 888 
97 899 
97 902 
97 914 
97 915 
97 946 
97 948 
98 99 
98 101 
98 933 
98 951 
99 106 
99 951 
100 101 
100 952 
100 966 
101 933 
101 952 
102 498 
102 727 
102 905 
103 183 
103 346 
103 469 
103 688 
104 105 
105 972 
105 973 
106 762 
106 916 
106 927 
106 951 
106 960 
107 109 
107 970 
107 987 
108 111 
108 886 
108 888 
109 955 
109 985 
109 987 
110 763 
110 938 
110 958 
110 959 
110 970 
111 112 
111 133 
111 886 
111 889 
112 113 
112 114 
112 133 
113 114 
113 115 
114 115 
114 120 
114 133 
115 116 
115 117 
115 120 
115 128 
116 117 
116 118 
116 120 
116 132 
117 118 
117 119 
117 128 
118 119 
118 124 
118 126 
118 127 
118 129 
118 132 
119 125 
119 127 
119 128 
120 132 
120 133 
121 122 
121 123 
121 124 
121 888 
122 124 
123 124 
123 130 
123 887 
123 888 
124 126 
124 129 
124 130 
125 127 
125 128 
126 127 
129 130 
129 131 
129 132 
129 887 
130 887 
131 132 
131 133 
131 887 
131 889 
132 133 
133 889 
134 135 
134 186 
134 187 
134 342 
134 371 
135 187 
135 344 
135 345 
135 371 
136 142 
136 341 
136 342 
136 496 
137 150 
137 160 
137 341 
137 353 
137 685 
137 885 
138 152 
138 157 
138 158 
138 222 
138 726 
139 140 
139 149 
139 150 
139 153 
139 481 
139 718 
139 725 
140 150 
140 341 
140 495 
140 496 
140 718 
141 142 
141 169 
141 175 
141 186 
141 327 
141 342 
142 327 
142 328 
142 342 
142 495 
142 496 
143 144 
143 227 
143 368 
143 369 
143 395 
143 396 
144 167 
144 168 
144 335 
144 368 
144 396 
145 401 
145 432 
145 435 
145 439 
145 445 
145 678 
146 154 
146 179 
146 395 
146 396 
146 397 
146 697 
146 698 
147 148 
147 364 
147 374 
147 477 
147 486 
147 488 
148 363 
148 364 
148 402 
148 488 
148 718 
149 153 
149 370 
149 687 
149 725 
150 341 
150 725 
150 726 
150 885 
151 152 
151 222 
151 317 
151 464 
151 684 
152 222 
152 317 
152 370 
152 725 
152 726 
153 362 
153 481 
153 687 
154 226 
154 395 
154 680 
154 697 
154 701 
155 161 
155 217 
155 219 
155 394 
155 681 
155 702 
155 703 
155 882 
156 174 
156 336 
156 339 
156 360 
156 490 
157 158 
157 159 
157 222 
157 331 
158 331 
158 352 
158 726 
159 220 
159 221 
159 222 
159 319 
159 331 
159 351 
160 341 
160 342 
160 371 
160 685 
160 730 
160 765 
161 226 
161 681 
161 703 
162 470 
162 475 
162 476 
162 705 
162 709 
163 491 
163 706 
163 707 
163 708 
164 165 
164 336 
164 482 
164 489 
164 490 
165 177 
165 333 
165 366 
165 482 
165 490 
166 167 
166 171 
166 178 
166 315 
166 316 
166 335 
167 168 
167 171 
167 335 
167 339 
168 339 
168 340 
168 368 
169 175 
169 186 
169 346 
169 469 
170 173 
170 480 
170 704 
170 715 
170 720 
170 895 
171 172 
171 178 
171 336 
171 339 
171 489 
171 491 
172 178 
172 208 
172 491 
172 707 
173 480 
173 720 
173 721 
173 723 
173 748 
173 894 
174 360 
174 361 
174 365 
174 401 
174 490 
175 327 
175 469 
175 473 
175 474 
175 691 
176 177 
176 358 
176 441 
176 443 
176 444 
177 358 
177 365 
177 366 
177 441 
177 490 
178 208 
178 315 
178 682 
179 181 
179 397 
179 698 
180 181 
180 315 
180 316 
180 683 
180 696 
180 700 
181 316 
181 397 
181 698 
181 699 
181 700 
182 184 
182 185 
182 188 
182 225 
182 349 
182 749 
183 189 
183 472 
183 688 
183 719 
184 185 
184 467 
184 697 
184 698 
184 699 
184 749 
185 225 
185 697 
186 187 
186 342 
186 346 
186 347 
187 338 
187 344 
187 347 
188 199 
188 225 
188 325 
188 349 
189 719 
189 763 
189 959 
189 989 
190 195 
190 326 
190 733 
190 735 
190 739 
191 200 
191 204 
191 206 
191 326 
191 737 
192 193 
192 740 
192 743 
192 747 
192 1071 
192 1331 
193 329 
193 740 
193 746 
193 1071 
193 1201 
194 212 
194 233 
194 325 
194 334 
194 349 
194 749 
195 196 
195 210 
195 232 
195 326 
195 381 
195 382 
195 733 
196 232 
196 334 
196 733 
197 215 
197 216 
197 219 
197 756 
197 758 
198 320 
198 376 
198 754 
198 756 
198 761 
198 1335 
199 225 
199 325 
199 751 
199 757 
199 760 
200 210 
200 211 
200 326 
200 390 
200 737 
201 213 
201 214 
201 301 
201 393 
201 399 
201 400 
201 403 
202 203 
202 303 
202 377 
202 378 
202 1082 
202 1083 
203 337 
203 378 
203 753 
203 755 
203 1083 
204 205 
204 206 
204 737 
204 752 
205 206 
205 329 
205 734 
205 745 
205 752 
206 326 
206 734 
206 735 
207 682 
207 683 
207 695 
207 748 
208 330 
208 373 
208 682 
208 707 
209 690 
209 710 
209 715 
209 878 
210 211 
210 326 
210 380 
210 381 
211 223 
211 354 
211 380 
211 390 
212 230 
212 231 
212 233 
212 234 
212 325 
213 214 
213 230 
213 231 
213 383 
213 400 
214 308 
214 314 
214 356 
214 383 
214 399 
215 216 
215 218 
215 219 
215 220 
215 221 
215 350 
216 350 
216 465 
216 756 
216 893 
217 218 
217 219 
217 882 
218 219 
218 220 
218 882 
219 702 
219 758 
220 221 
220 222 
220 684 
220 882 
221 319 
221 350 
222 684 
223 224 
223 235 
223 236 
223 354 
223 380 
224 235 
224 291 
224 292 
224 354 
224 379 
224 389 
224 405 
225 697 
225 701 
225 757 
226 680 
226 681 
226 701 
226 703 
227 317 
227 318 
227 369 
227 395 
227 680 
227 883 
228 229 
228 293 
228 294 
228 323 
228 324 
229 244 
229 245 
229 251 
229 294 
229 324 
229 379 
229 404 
229 405 
229 406 
230 231 
230 325 
230 391 
230 400 
231 234 
231 255 
231 304 
231 383 
232 248 
232 249 
232 252 
232 334 
232 382 
233 234 
233 247 
233 248 
233 334 
234 247 
234 304 
235 236 
235 250 
235 404 
235 405 
236 237 
236 250 
236 305 
236 380 
237 238 
237 239 
237 250 
237 305 
237 407 
238 239 
238 258 
238 265 
238 407 
239 241 
239 252 
239 258 
239 305 
239 306 
240 241 
240 242 
240 259 
240 261 
240 269 
240 311 
241 242 
241 248 
241 252 
241 258 
241 259 
242 243 
242 248 
242 260 
242 261 
243 247 
243 248 
243 260 
243 304 
244 245 
244 263 
244 406 
244 407 
245 251 
245 263 
245 264 
245 295 
246 253 
246 256 
246 295 
246 296 
246 307 
246 308 
246 879 
247 248 
247 304 
248 249 
248 252 
248 334 
249 252 
250 404 
250 406 
250 407 
251 294 
251 295 
251 307 
252 306 
252 382 
253 254 
253 256 
253 879 
253 880 
254 255 
254 256 
254 262 
254 880 
255 256 
255 260 
255 262 
255 304 
255 383 
256 308 
256 383 
257 258 
257 259 
257 311 
257 312 
257 313 
258 259 
258 265 
258 312 
259 311 
260 261 
260 262 
260 266 
260 304 
261 266 
261 268 
261 269 
262 266 
262 267 
262 880 
263 264 
263 270 
263 271 
263 407 
263 408 
264 270 
264 295 
264 296 
264 297 
265 272 
265 273 
265 312 
265 407 
265 408 
266 267 
266 268 
266 277 
267 276 
267 277 
267 309 
267 879 
267 880 
268 269 
268 274 
268 275 
268 277 
269 274 
269 311 
270 271 
270 279 
270 297 
270 298 
270 299 
271 278 
271 279 
271 408 
271 409 
272 273 
272 280 
272 281 
272 312 
272 384 
273 281 
273 408 
273 409 
274 275 
274 282 
274 290 
274 311 
274 386 
274 387 
275 277 
275 290 
275 388 
276 277 
276 283 
276 284 
276 309 
276 388 
277 388 
278 279 
278 285 
278 409 
278 766 
278 767 
278 772 
279 298 
279 300 
279 766 
280 281 
280 285 
280 286 
280 384 
281 285 
281 409 
282 289 
282 290 
282 387 
282 769 
283 284 
283 298 
283 309 
283 357 
283 825 
283 826 
284 388 
284 771 
284 826 
284 827 
285 286 
285 409 
285 772 
286 288 
286 384 
286 768 
286 772 
286 774 
287 288 
287 289 
287 384 
287 385 
287 775 
287 777 
288 384 
288 768 
288 775 
289 385 
289 387 
289 769 
289 777 
290 388 
290 769 
290 770 
290 771 
291 292 
291 354 
291 355 
291 1267 
292 322 
292 389 
292 1267 
293 294 
293 314 
293 323 
293 356 
294 307 
294 314 
295 296 
295 307 
296 297 
296 310 
296 879 
297 299 
297 310 
298 299 
298 300 
298 309 
298 357 
299 309 
299 310 
300 357 
300 766 
300 825 
301 302 
301 378 
301 399 
301 403 
301 750 
302 323 
302 399 
302 750 
303 321 
303 377 
303 398 
303 1082 
305 306 
305 380 
306 380 
306 381 
306 382 
307 308 
307 314 
308 314 
308 383 
309 310 
309 879 
310 879 
311 313 
311 386 
312 313 
312 384 
312 385 
313 385 
313 386 
313 387 
314 356 
315 316 
315 682 
315 683 
316 335 
316 397 
317 318 
317 370 
317 464 
317 883 
318 369 
318 370 
318 687 
319 350 
319 351 
319 732 
319 1222 
319 1226 
320 337 
320 376 
320 392 
320 393 
320 754 
321 322 
321 398 
321 1082 
321 1213 
321 1246 
321 1261 
322 389 
322 398 
322 1213 
322 1267 
323 324 
323 356 
323 399 
323 750 
324 377 
324 379 
324 389 
324 398 
324 750 
325 349 
325 391 
325 751 
326 735 
327 328 
327 473 
327 487 
328 486 
328 487 
328 488 
328 495 
329 740 
329 745 
329 746 
329 752 
330 373 
330 480 
330 682 
330 705 
330 748 
331 351 
331 352 
331 731 
331 732 
332 333 
332 359 
332 366 
332 442 
332 453 
333 366 
333 453 
333 482 
333 694 
333 711 
333 713 
334 733 
334 736 
334 738 
334 749 
335 396 
335 397 
336 339 
336 489 
336 490 
337 378 
337 392 
337 403 
337 753 
337 754 
338 347 
339 340 
339 360 
340 360 
340 368 
340 686 
341 342 
341 496 
342 371 
343 690 
343 719 
343 878 
343 1043 
343 1219 
345 371 
345 728 
345 764 
345 765 
346 347 
346 469 
348 364 
348 374 
348 433 
348 434 
348 446 
348 679 
349 749 
350 893 
350 1222 
351 732 
352 353 
352 685 
352 726 
352 731 
353 685 
353 726 
353 885 
354 355 
354 390 
355 390 
355 1228 
355 1229 
355 1267 
356 399 
357 825 
358 365 
358 431 
358 444 
358 458 
359 437 
359 442 
359 453 
360 361 
360 362 
360 686 
361 362 
361 367 
361 401 
361 481 
362 481 
362 686 
362 687 
363 364 
363 372 
363 402 
363 456 
364 374 
364 433 
364 456 
365 401 
365 431 
365 432 
365 490 
366 441 
366 442 
367 372 
367 401 
367 402 
367 481 
367 678 
368 369 
368 686 
369 686 
369 687 
370 687 
370 725 
371 765 
372 402 
372 445 
372 456 
372 678 
373 705 
373 707 
373 708 
374 375 
374 477 
374 478 
374 679 
375 478 
375 679 
375 693 
376 393 
376 468 
376 756 
376 758 
376 881 
377 378 
377 398 
377 750 
378 403 
378 750 
379 389 
379 405 
380 381 
381 382 
384 385 
385 387 
386 387 
388 771 
389 398 
390 737 
390 1070 
390 1078 
390 1228 
391 400 
391 751 
392 393 
392 403 
393 400 
393 403 
393 881 
394 464 
394 681 
394 684 
394 882 
394 883 
395 396 
395 680 
396 397 
400 751 
400 881 
401 432 
401 678 
402 481 
402 718 
404 405 
404 406 
406 407 
407 408 
408 409 
410 411 
410 426 
410 499 
410 500 
410 502 
410 503 
410 510 
411 419 
411 421 
411 426 
411 503 
411 511 
412 413 
412 414 
412 425 
412 430 
412 457 
412 459 
412 513 
412 516 
413 414 
413 429 
413 430 
413 448 
414 448 
414 516 
414 517 
415 416 
415 417 
415 421 
415 422 
415 512 
416 417 
416 419 
416 421 
416 431 
416 432 
416 439 
416 449 
417 422 
417 425 
417 431 
417 457 
417 458 
418 420 
418 424 
418 462 
418 463 
418 510 
419 421 
419 426 
419 449 
420 434 
420 440 
420 463 
420 499 
420 510 
421 511 
421 512 
422 425 
422 459 
422 504 
422 512 
423 424 
423 447 
423 452 
423 463 
423 515 
424 462 
424 463 
424 508 
424 514 
424 515 
425 457 
425 459 
426 434 
426 435 
426 436 
426 449 
426 499 
427 440 
427 446 
427 450 
427 451 
427 452 
427 453 
427 455 
427 463 
428 429 
428 437 
428 447 
428 452 
428 497 
429 430 
429 447 
429 448 
429 497 
430 438 
430 457 
430 460 
430 461 
430 497 
431 432 
431 458 
432 439 
433 434 
433 436 
433 454 
433 456 
434 436 
434 440 
434 446 
434 499 
435 436 
435 439 
435 445 
435 449 
435 454 
436 454 
437 442 
437 452 
437 453 
437 497 
438 443 
438 444 
438 457 
438 458 
438 461 
439 449 
440 446 
440 463 
441 442 
441 443 
441 460 
442 460 
442 497 
443 444 
443 460 
443 461 
444 458 
445 454 
445 456 
445 678 
446 455 
446 679 
447 448 
447 452 
447 506 
447 515 
448 505 
448 506 
448 517 
450 451 
450 453 
450 694 
451 455 
451 694 
451 714 
452 453 
452 463 
453 694 
454 456 
455 679 
455 712 
455 714 
457 458 
459 504 
459 513 
460 461 
460 497 
462 501 
462 510 
462 514 
464 684 
464 883 
465 756 
465 893 
465 1094 
465 1605 
466 467 
466 696 
466 699 
466 700 
466 736 
466 742 
467 699 
467 736 
467 749 
468 751 
468 758 
468 759 
468 760 
468 881 
469 688 
469 691 
470 471 
470 475 
470 688 
470 689 
470 709 
470 710 
471 474 
471 475 
471 688 
471 691 
472 688 
472 689 
472 690 
472 719 
473 474 
473 487 
473 492 
473 692 
474 475 
474 484 
474 691 
474 692 
475 476 
475 484 
476 484 
476 705 
476 708 
476 717 
477 478 
477 479 
477 486 
477 492 
478 479 
478 483 
478 693 
479 483 
479 492 
479 692 
480 704 
480 705 
480 748 
481 718 
482 485 
482 489 
482 711 
482 713 
483 484 
483 493 
483 692 
483 693 
484 493 
484 494 
484 692 
484 717 
485 489 
485 491 
485 706 
485 713 
485 716 
486 487 
486 488 
486 492 
487 492 
488 495 
488 718 
489 491 
491 706 
491 707 
492 692 
493 494 
493 693 
493 712 
494 712 
494 714 
494 716 
494 717 
495 496 
495 718 
498 891 
498 905 
498 909 
499 510 
500 501 
500 502 
500 510 
500 567 
500 576 
501 510 
501 514 
501 567 
501 568 
502 503 
502 527 
502 542 
502 576 
503 511 
503 527 
503 552 
504 512 
504 513 
504 549 
504 550 
505 506 
505 507 
505 517 
505 533 
505 539 
505 545 
505 551 
506 507 
506 508 
506 515 
507 508 
507 509 
507 533 
507 540 
507 573 
508 509 
508 514 
508 515 
509 514 
509 573 
511 512 
511 552 
512 549 
512 552 
513 516 
513 550 
513 551 
514 568 
514 573 
516 517 
516 551 
517 551 
518 519 
518 520 
518 524 
518 525 
518 553 
518 587 
519 520 
519 535 
519 553 
519 562 
519 563 
520 521 
520 525 
520 563 
520 584 
521 525 
521 534 
521 541 
521 556 
521 577 
521 584 
521 593 
522 556 
522 564 
522 568 
522 573 
522 588 
522 589 
522 592 
523 535 
523 536 
523 547 
523 590 
524 525 
524 544 
524 587 
524 666 
524 670 
525 544 
525 577 
526 530 
526 543 
526 546 
526 550 
526 672 
527 528 
527 529 
527 542 
527 552 
527 580 
527 581 
527 582 
528 529 
528 546 
528 549 
528 550 
528 552 
529 546 
529 548 
529 554 
529 580 
530 543 
530 545 
530 550 
530 551 
530 583 
531 532 
531 562 
531 563 
531 597 
531 601 
532 555 
532 560 
532 561 
532 562 
532 601 
533 539 
533 540 
533 572 
533 583 
533 646 
534 563 
534 584 
534 593 
534 594 
534 597 
535 536 
535 547 
535 553 
535 557 
535 561 
535 562 
536 537 
536 557 
536 590 
536 672 
537 538 
537 557 
537 569 
537 571 
537 578 
537 579 
537 622 
537 644 
537 672 
538 557 
538 575 
538 579 
538 608 
539 545 
539 583 
540 564 
540 572 
540 573 
541 556 
541 566 
541 574 
541 593 
541 596 
542 576 
542 577 
542 581 
543 583 
543 642 
543 644 
543 672 
544 577 
544 656 
544 665 
544 666 
545 551 
545 583 
546 548 
546 550 
546 590 
546 672 
547 548 
547 553 
547 554 
547 590 
548 554 
548 590 
549 550 
549 552 
550 551 
553 554 
553 587 
553 662 
554 580 
554 660 
554 661 
554 662 
555 557 
555 559 
555 560 
555 561 
555 575 
555 585 
555 586 
556 565 
556 566 
556 567 
556 568 
556 577 
556 588 
557 561 
557 575 
558 569 
558 570 
558 591 
558 592 
558 627 
558 628 
559 560 
559 566 
559 585 
559 599 
560 599 
560 601 
560 602 
561 562 
562 563 
563 584 
563 597 
564 572 
564 573 
564 591 
564 592 
565 566 
565 586 
565 588 
565 605 
566 574 
566 585 
566 586 
566 599 
567 568 
567 576 
567 577 
568 573 
569 570 
569 571 
569 591 
569 641 
569 644 
569 645 
570 571 
570 626 
570 627 
571 622 
571 626 
572 591 
572 640 
572 646 
574 596 
574 599 
574 600 
575 586 
575 606 
575 608 
576 577 
577 581 
577 656 
578 579 
578 589 
578 622 
578 623 
578 624 
579 589 
579 607 
579 608 
579 609 
579 610 
580 582 
580 657 
580 660 
581 582 
581 656 
581 657 
581 658 
582 657 
583 642 
583 646 
585 586 
586 603 
586 605 
586 606 
587 662 
587 669 
587 670 
588 589 
588 604 
588 605 
588 609 
589 592 
589 609 
589 623 
589 625 
590 672 
591 592 
591 640 
591 641 
591 648 
592 625 
592 628 
593 594 
593 596 
594 595 
594 596 
594 597 
594 598 
595 596 
595 598 
595 600 
596 600 
597 598 
597 601 
598 600 
598 601 
598 602 
599 600 
599 602 
600 602 
601 602 
603 605 
603 606 
603 613 
604 605 
604 609 
604 611 
605 611 
605 612 
605 613 
606 608 
606 613 
606 614 
606 615 
607 608 
607 610 
607 617 
607 619 
608 615 
608 619 
608 620 
609 610 
609 611 
609 617 
610 617 
611 612 
611 617 
611 618 
612 613 
612 614 
612 616 
612 618 
612 621 
613 614 
614 615 
614 616 
615 616 
615 620 
616 620 
616 621 
617 618 
617 619 
617 620 
617 621 
618 621 
619 620 
620 621 
622 624 
622 626 
622 632 
622 633 
622 638 
623 624 
623 625 
623 629 
623 630 
624 629 
624 632 
625 628 
625 630 
626 627 
626 637 
626 638 
627 628 
627 635 
627 636 
627 637 
628 630 
628 635 
629 630 
629 631 
629 632 
630 631 
630 635 
631 632 
631 633 
631 634 
631 635 
631 638 
632 633 
633 638 
634 635 
634 636 
634 638 
635 636 
636 637 
636 638 
637 638 
639 643 
639 644 
639 645 
639 650 
639 654 
640 646 
640 648 
640 651 
641 645 
641 648 
641 649 
641 650 
642 643 
642 644 
642 646 
642 647 
643 644 
643 647 
643 652 
643 654 
644 645 
644 672 
645 650 
646 647 
646 651 
646 653 
647 652 
647 653 
648 649 
648 651 
649 650 
649 651 
649 654 
649 655 
650 654 
651 653 
651 655 
652 653 
652 654 
652 655 
653 655 
654 655 
656 658 
656 665 
657 658 
657 659 
657 660 
658 659 
658 665 
658 667 
659 660 
659 661 
659 664 
659 667 
660 661 
661 662 
661 663 
661 664 
662 663 
662 669 
663 664 
663 669 
663 670 
663 671 
664 667 
664 668 
664 671 
665 666 
665 667 
665 668 
665 671 
666 670 
666 671 
667 668 
668 671 
669 670 
670 671 
673 674 
673 677 
674 676 
674 677 
675 676 
679 693 
679 712 
680 681 
680 883 
681 883 
682 683 
682 748 
683 695 
683 696 
684 882 
685 730 
685 731 
686 687 
688 689 
688 691 
689 690 
689 710 
690 710 
690 719 
690 878 
693 712 
694 713 
694 714 
695 696 
695 744 
695 747 
695 748 
696 700 
696 742 
696 744 
697 698 
697 701 
698 699 
699 700 
701 703 
701 757 
702 703 
702 758 
702 759 
702 760 
703 757 
703 760 
704 705 
704 709 
704 710 
704 715 
705 708 
705 709 
706 708 
706 716 
706 717 
707 708 
708 717 
709 710 
710 715 
711 713 
712 714 
713 714 
713 716 
714 716 
715 724 
715 878 
715 895 
716 717 
719 989 
719 1219 
720 894 
720 895 
720 1047 
720 1547 
721 722 
721 723 
721 747 
721 748 
721 892 
722 747 
722 892 
722 1086 
722 1331 
722 1579 
722 1600 
723 892 
723 894 
723 1578 
724 878 
724 884 
724 895 
724 1572 
725 726 
726 885 
727 729 
727 905 
727 911 
727 974 
728 729 
728 764 
728 974 
728 1010 
729 974 
730 731 
730 765 
730 890 
730 1100 
730 1242 
731 732 
731 890 
732 890 
732 1037 
732 1226 
733 738 
733 739 
734 735 
734 739 
734 745 
735 739 
736 738 
736 741 
736 742 
736 749 
737 752 
737 1070 
737 1084 
738 739 
738 741 
739 741 
739 745 
740 741 
740 743 
740 744 
740 745 
741 742 
741 744 
741 745 
742 744 
743 744 
743 747 
744 747 
746 752 
746 1201 
746 1599 
746 1602 
747 748 
747 1331 
751 760 
751 881 
752 1084 
752 1602 
753 754 
753 755 
753 1603 
754 1212 
754 1335 
754 1603 
755 1083 
755 1603 
756 758 
756 761 
756 1605 
757 760 
758 759 
759 760 
761 1335 
761 1605 
762 946 
762 960 
763 959 
764 765 
764 1010 
764 1220 
765 1220 
765 1242 
766 767 
766 773 
766 778 
766 825 
766 871 
767 772 
767 774 
767 871 
768 774 
768 775 
768 829 
769 770 
769 776 
769 777 
770 771 
770 776 
770 877 
771 827 
771 877 
772 774 
773 778 
773 830 
773 858 
773 865 
773 871 
774 829 
774 855 
774 858 
774 871 
775 776 
775 777 
775 828 
775 829 
775 850 
775 857 
776 777 
776 828 
776 849 
776 877 
778 824 
778 825 
778 830 
779 780 
779 800 
779 816 
779 817 
779 818 
780 799 
780 814 
780 815 
780 816 
780 817 
781 782 
781 783 
781 784 
781 793 
781 795 
781 809 
782 783 
782 793 
783 784 
783 793 
783 794 
783 808 
784 794 
784 809 
784 810 
785 786 
785 787 
785 797 
785 811 
785 812 
786 787 
786 798 
786 809 
786 811 
786 813 
787 796 
787 798 
787 812 
788 789 
788 790 
788 803 
788 805 
788 806 
788 821 
789 790 
789 806 
790 803 
790 804 
790 806 
790 838 
790 842 
790 843 
791 792 
791 819 
791 820 
791 822 
792 801 
792 802 
792 819 
792 820 
793 795 
793 807 
793 808 
793 811 
794 808 
794 810 
794 839 
795 809 
795 811 
796 798 
796 812 
796 814 
796 815 
797 807 
797 811 
797 812 
797 815 
798 813 
798 814 
799 813 
799 814 
799 817 
800 816 
800 818 
800 819 
801 802 
801 806 
801 813 
801 818 
801 819 
801 840 
801 843 
802 806 
802 820 
802 821 
803 804 
803 805 
803 823 
803 837 
803 838 
804 838 
805 821 
805 823 
806 821 
806 843 
807 808 
807 811 
807 815 
807 834 
808 834 
808 835 
808 839 
809 810 
809 811 
809 813 
809 840 
810 839 
810 840 
812 815 
813 814 
813 817 
813 818 
813 840 
814 815 
815 816 
815 834 
816 819 
816 822 
816 823 
816 834 
816 837 
817 818 
818 819 
819 822 
820 821 
820 822 
820 823 
821 823 
822 823 
823 837 
824 825 
824 826 
824 830 
824 831 
824 832 
825 826 
826 827 
826 832 
827 832 
827 833 
827 877 
828 849 
828 850 
829 854 
829 855 
829 857 
830 831 
830 861 
830 865 
831 832 
831 844 
831 860 
831 861 
832 833 
832 860 
833 845 
833 860 
833 877 
834 835 
834 836 
834 837 
834 844 
835 839 
835 844 
835 861 
835 862 
836 837 
836 844 
836 845 
836 860 
837 838 
837 845 
837 846 
838 842 
838 846 
839 840 
839 862 
840 841 
840 843 
840 862 
840 863 
841 843 
841 863 
841 864 
842 843 
842 846 
842 867 
842 872 
843 864 
843 872 
843 873 
844 860 
844 861 
845 846 
845 860 
845 877 
846 847 
846 848 
846 867 
846 877 
847 848 
847 849 
847 850 
847 877 
848 850 
848 852 
848 857 
848 867 
848 868 
849 850 
849 877 
850 857 
851 852 
851 853 
851 854 
851 857 
851 868 
852 857 
852 868 
853 854 
853 855 
853 856 
853 868 
853 869 
854 855 
854 857 
855 856 
855 858 
855 859 
856 859 
856 869 
858 859 
858 865 
858 866 
858 871 
859 866 
859 869 
859 870 
861 862 
861 865 
862 863 
862 864 
862 865 
862 866 
863 864 
864 866 
864 870 
864 873 
865 866 
866 870 
867 868 
867 872 
867 875 
868 869 
868 875 
868 876 
869 870 
869 876 
870 873 
870 874 
870 876 
872 873 
872 874 
872 875 
873 874 
874 875 
874 876 
875 876 
878 884 
878 1043 
878 1088 
879 880 
884 1088 
884 1572 
886 888 
886 889 
887 888 
887 889 
888 889 
890 1037 
890 1100 
890 1202 
890 1203 
891 906 
891 907 
891 909 
892 1578 
892 1579 
893 1094 
893 1222 
894 1050 
894 1547 
894 1578 
895 1047 
895 1572 
896 912 
896 916 
896 922 
896 924 
896 947 
896 948 
896 950 
897 913 
897 922 
897 950 
897 961 
897 962 
897 1541 
898 899 
898 900 
898 901 
898 908 
898 967 
898 968 
899 901 
899 902 
899 908 
899 913 
899 914 
899 945 
899 962 
900 901 
900 902 
900 967 
900 973 
901 902 
903 904 
903 910 
903 917 
903 918 
903 949 
903 961 
904 905 
904 908 
904 909 
904 910 
904 949 
904 975 
905 909 
905 910 
905 911 
906 907 
906 968 
906 975 
907 909 
907 975 
908 949 
908 962 
908 968 
908 975 
909 975 
910 911 
910 917 
910 971 
910 974 
911 974 
912 915 
912 948 
912 950 
912 1536 
912 1539 
912 1541 
913 945 
913 962 
913 1537 
913 1538 
913 1541 
914 915 
914 945 
914 1540 
915 948 
915 1539 
915 1540 
916 924 
916 927 
916 947 
916 960 
917 918 
917 919 
917 931 
917 971 
918 919 
918 921 
918 961 
918 981 
919 931 
919 977 
919 981 
920 931 
920 943 
920 971 
920 990 
920 1214 
921 922 
921 961 
921 980 
921 981 
922 923 
922 924 
922 935 
922 950 
922 961 
922 980 
923 924 
923 928 
923 929 
923 935 
924 926 
924 927 
924 928 
925 926 
925 927 
925 933 
925 951 
926 927 
926 928 
926 930 
926 933 
927 951 
928 929 
928 930 
929 930 
929 935 
929 963 
929 965 
929 978 
930 932 
930 933 
930 964 
930 965 
931 940 
931 969 
931 971 
931 977 
931 1214 
932 933 
932 952 
932 964 
932 966 
933 951 
933 952 
934 953 
934 956 
934 963 
934 965 
934 982 
934 983 
935 978 
935 979 
935 980 
936 937 
936 969 
936 977 
936 986 
937 938 
937 941 
937 969 
937 986 
938 941 
938 957 
938 958 
938 970 
938 986 
939 940 
939 941 
939 942 
939 944 
939 969 
939 1221 
940 969 
940 1214 
940 1221 
941 942 
941 958 
941 959 
941 969 
942 944 
942 959 
942 989 
943 971 
943 974 
943 990 
943 1010 
943 1220 
944 989 
944 1061 
944 1062 
944 1066 
944 1221 
945 1538 
945 1540 
946 947 
946 948 
946 960 
947 948 
947 960 
949 961 
949 962 
950 1541 
952 966 
953 954 
953 955 
953 956 
953 964 
953 965 
954 955 
954 964 
954 966 
955 956 
955 985 
956 982 
956 985 
957 970 
957 982 
957 985 
957 986 
957 987 
958 959 
959 989 
961 962 
963 965 
963 978 
963 983 
963 984 
964 965 
964 966 
967 968 
967 972 
967 973 
968 972 
968 975 
969 977 
970 987 
971 974 
972 973 
974 1010 
976 977 
976 988 
976 1002 
976 1003 
977 981 
977 986 
977 988 
977 1002 
978 979 
978 984 
978 995 
978 997 
978 1004 
979 980 
979 991 
979 992 
979 993 
979 994 
979 995 
980 981 
980 991 
981 988 
981 991 
981 1001 
981 1012 
982 983 
982 985 
982 986 
983 984 
983 986 
984 986 
984 1004 
985 987 
986 1002 
986 1004 
988 1001 
988 1003 
988 1005 
989 1061 
989 1219 
989 1338 
990 1013 
990 1214 
990 1220 
991 992 
991 1012 
992 993 
992 1012 
992 1723 
993 994 
993 1009 
993 1723 
994 995 
994 996 
994 1000 
994 1009 
995 996 
995 997 
996 997 
996 998 
996 1000 
997 998 
997 999 
997 1002 
997 1004 
998 999 
998 1000 
998 1005 
998 1008 
999 1002 
999 1003 
999 1005 
1000 1008 
1000 1009 
1000 1011 
1001 1005 
1001 1006 
1001 1012 
1002 1003 
1002 1004 
1003 1005 
1005 1006 
1005 1008 
1006 1007 
1006 1008 
1006 1012 
1007 1008 
1007 1012 
1007 1329 
1007 1723 
1008 1011 
1008 1329 
1009 1011 
1009 1330 
1009 1723 
1010 1220 
1011 1329 
1011 1330 
1012 1723 
1013 1014 
1013 1067 
1013 1214 
1013 1220 
1014 1018 
1014 1066 
1014 1067 
1014 1218 
1014 1220 
1014 1242 
1015 1016 
1015 1019 
1015 1100 
1015 1217 
1015 1218 
1015 1242 
1015 1363 
1016 1023 
1016 1025 
1016 1100 
1016 1217 
1016 1227 
1017 1025 
1017 1032 
1017 1362 
1017 1548 
1017 1580 
1017 1581 
1018 1019 
1018 1052 
1018 1066 
1018 1199 
1018 1218 
1019 1198 
1019 1199 
1019 1218 
1019 1361 
1019 1363 
1020 1103 
1020 1239 
1020 1240 
1020 1241 
1020 1328 
1020 1548 
1020 1581 
1021 1022 
1021 1103 
1021 1239 
1021 1241 
1021 1256 
1021 1257 
1022 1045 
1022 1046 
1022 1207 
1022 1208 
1022 1239 
1022 1256 
1023 1025 
1023 1227 
1023 1582 
1024 1223 
1024 1224 
1024 1236 
1024 1264 
1024 1349 
1024 1350 
1024 1574 
1024 1575 
1025 1217 
1025 1362 
1025 1574 
1025 1580 
1025 1582 
1026 1027 
1026 1029 
1026 1031 
1027 1029 
1027 1031 
1027 1036 
1027 1038 
1027 1099 
1028 1030 
1028 1074 
1028 1102 
1028 1255 
1028 1544 
1028 1560 
1028 1722 
1029 1031 
1029 1099 
1029 1192 
1029 1328 
1029 1546 
1030 1074 
1030 1097 
1030 1255 
1031 1036 
1031 1192 
1031 1240 
1031 1582 
1032 1232 
1032 1362 
1032 1548 
1033 1034 
1033 1058 
1033 1257 
1033 1258 
1033 1332 
1033 1556 
1034 1102 
1034 1257 
1034 1334 
1034 1544 
1034 1556 
1035 1036 
1035 1037 
1035 1202 
1035 1203 
1035 1227 
1035 1582 
1036 1037 
1036 1038 
1036 1582 
1037 1038 
1037 1202 
1037 1226 
1038 1098 
1038 1099 
1038 1226 
1039 1040 
1039 1346 
1039 1563 
1039 1565 
1039 1573 
1040 1048 
1040 1355 
1040 1563 
1040 1565 
1041 1055 
1041 1209 
1041 1210 
1041 1238 
1041 1347 
1041 1352 
1041 1355 
1041 1365 
1042 1043 
1042 1044 
1042 1219 
1042 1336 
1042 1337 
1042 1338 
1042 1567 
1043 1088 
1043 1219 
1043 1567 
1044 1336 
1044 1561 
1044 1562 
1044 1566 
1044 1567 
1044 1568 
1045 1046 
1045 1215 
1045 1216 
1045 1239 
1046 1048 
1046 1049 
1046 1057 
1046 1208 
1046 1216 
1047 1343 
1047 1547 
1047 1568 
1047 1572 
1048 1049 
1048 1209 
1048 1216 
1048 1355 
1048 1564 
1048 1565 
1049 1057 
1049 1564 
1050 1193 
1050 1547 
1050 1578 
1050 1579 
1051 1053 
1051 1055 
1051 1231 
1051 1277 
1051 1325 
1051 1352 
1052 1061 
1052 1062 
1052 1066 
1052 1199 
1052 1339 
1052 1549 
1053 1054 
1053 1055 
1053 1296 
1053 1325 
1053 1577 
1054 1055 
1054 1238 
1054 1296 
1054 1306 
1054 1323 
1055 1238 
1055 1352 
1056 1057 
1056 1087 
1056 1191 
1056 1260 
1056 1553 
1056 1564 
1057 1190 
1057 1191 
1057 1207 
1057 1208 
1057 1564 
1058 1060 
1058 1258 
1058 1259 
1058 1332 
1059 1060 
1059 1190 
1059 1191 
1059 1545 
1059 1554 
1059 1591 
1060 1190 
1060 1259 
1060 1332 
1060 1333 
1060 1591 
1061 1062 
1061 1337 
1061 1338 
1061 1549 
1062 1066 
1063 1064 
1063 1065 
1063 1068 
1063 1069 
1063 1196 
1063 1206 
1063 1585 
1064 1065 
1064 1069 
1064 1332 
1064 1334 
1064 1556 
1065 1332 
1065 1333 
1065 1585 
1066 1067 
1066 1221 
1067 1214 
1067 1221 
1068 1069 
1068 1076 
1068 1195 
1068 1196 
1069 1076 
1069 1334 
1070 1078 
1070 1079 
1070 1084 
1070 1085 
1070 1197 
1071 1201 
1071 1331 
1071 1593 
1071 1596 
1071 1600 
1072 1073 
1072 1104 
1072 1111 
1072 1583 
1072 1586 
1073 1089 
1073 1111 
1073 1115 
1073 1116 
1073 1197 
1073 1586 
1074 1075 
1074 1096 
1074 1097 
1074 1557 
1074 1560 
1075 1094 
1075 1095 
1075 1096 
1075 1557 
1075 1559 
1075 1605 
1076 1077 
1076 1195 
1076 1266 
1076 1334 
1076 1558 
1076 1560 
1077 1265 
1077 1266 
1077 1560 
1077 1604 
1078 1079 
1078 1090 
1078 1228 
1079 1089 
1079 1090 
1079 1197 
1080 1081 
1080 1091 
1080 1108 
1080 1195 
1080 1254 
1080 1721 
1081 1092 
1081 1105 
1081 1108 
1081 1601 
1081 1721 
1082 1083 
1082 1245 
1082 1246 
1083 1211 
1083 1212 
1083 1245 
1083 1603 
1084 1085 
1084 1602 
1085 1197 
1085 1587 
1085 1592 
1085 1602 
1086 1193 
1086 1260 
1086 1545 
1086 1555 
1086 1579 
1086 1600 
1087 1193 
1087 1260 
1087 1343 
1087 1344 
1087 1553 
1088 1567 
1088 1568 
1088 1572 
1089 1090 
1089 1116 
1089 1197 
1089 1248 
1090 1110 
1090 1228 
1090 1248 
1091 1108 
1091 1112 
1091 1114 
1091 1195 
1091 1196 
1092 1105 
1092 1185 
1092 1189 
1092 1230 
1092 1249 
1092 1262 
1092 1601 
1093 1211 
1093 1212 
1093 1265 
1093 1335 
1093 1601 
1093 1721 
1094 1095 
1094 1222 
1094 1605 
1095 1096 
1095 1098 
1095 1222 
1096 1097 
1096 1098 
1096 1099 
1097 1099 
1097 1255 
1097 1546 
1098 1099 
1098 1222 
1098 1226 
1099 1546 
1100 1203 
1100 1227 
1100 1242 
1101 1110 
1101 1118 
1101 1228 
1101 1247 
1101 1267 
1101 1269 
1102 1334 
1102 1544 
1102 1558 
1102 1560 
1103 1241 
1103 1257 
1103 1328 
1103 1544 
1103 1722 
1104 1111 
1104 1112 
1104 1129 
1104 1196 
1104 1206 
1104 1583 
1105 1108 
1105 1249 
1106 1107 
1106 1109 
1106 1172 
1106 1173 
1106 1194 
1106 1261 
1107 1109 
1107 1125 
1107 1131 
1107 1173 
1107 1247 
1107 1269 
1107 1270 
1108 1113 
1108 1114 
1108 1128 
1108 1249 
1109 1213 
1109 1247 
1109 1261 
1110 1117 
1110 1118 
1110 1228 
1110 1248 
1111 1115 
1111 1129 
1111 1133 
1111 1181 
1112 1114 
1112 1127 
1112 1129 
1112 1196 
1113 1128 
1113 1132 
1113 1137 
1113 1249 
1114 1127 
1114 1128 
1115 1116 
1115 1181 
1115 1182 
1116 1182 
1116 1183 
1116 1248 
1117 1118 
1117 1130 
1117 1134 
1117 1183 
1117 1248 
1118 1130 
1118 1269 
1118 1270 
1119 1120 
1119 1121 
1119 1140 
1119 1147 
1119 1181 
1119 1182 
1120 1134 
1120 1135 
1120 1147 
1120 1148 
1120 1182 
1120 1183 
1121 1122 
1121 1133 
1121 1140 
1121 1141 
1121 1181 
1122 1123 
1122 1127 
1122 1129 
1122 1133 
1122 1141 
1122 1142 
1123 1127 
1123 1128 
1123 1137 
1123 1142 
1123 1143 
1124 1125 
1124 1131 
1124 1145 
1124 1146 
1124 1174 
1125 1131 
1125 1145 
1125 1270 
1125 1271 
1126 1136 
1126 1174 
1126 1175 
1126 1184 
1126 1185 
1126 1718 
1126 1719 
1127 1128 
1127 1129 
1128 1137 
1129 1133 
1130 1134 
1130 1135 
1130 1270 
1130 1271 
1131 1173 
1131 1174 
1132 1136 
1132 1137 
1132 1185 
1132 1249 
1133 1181 
1134 1135 
1134 1183 
1135 1148 
1135 1271 
1135 1272 
1136 1137 
1136 1138 
1136 1185 
1136 1718 
1136 1720 
1137 1138 
1137 1143 
1137 1144 
1138 1144 
1138 1720 
1139 1140 
1139 1147 
1139 1159 
1139 1188 
1139 1250 
1140 1141 
1140 1147 
1140 1188 
1141 1142 
1141 1149 
1141 1188 
1141 1253 
1142 1143 
1142 1149 
1142 1151 
1142 1155 
1142 1156 
1143 1144 
1143 1151 
1144 1150 
1144 1151 
1144 1720 
1145 1146 
1145 1153 
1145 1154 
1145 1271 
1145 1272 
1145 1273 
1146 1153 
1146 1174 
1146 1175 
1147 1148 
1147 1159 
1148 1159 
1148 1160 
1148 1272 
1148 1273 
1149 1156 
1149 1253 
1150 1151 
1150 1152 
1150 1186 
1150 1718 
1150 1720 
1151 1152 
1151 1155 
1151 1163 
1152 1163 
1152 1167 
1152 1168 
1152 1186 
1153 1154 
1153 1157 
1153 1175 
1153 1176 
1153 1177 
1154 1157 
1154 1158 
1154 1273 
1155 1156 
1155 1161 
1155 1163 
1156 1161 
1156 1162 
1156 1253 
1157 1158 
1157 1164 
1157 1177 
1157 1178 
1157 1606 
1158 1164 
1158 1273 
1158 1274 
1159 1160 
1159 1165 
1159 1250 
1160 1165 
1160 1166 
1160 1273 
1160 1274 
1161 1162 
1161 1163 
1161 1611 
1162 1252 
1162 1253 
1162 1611 
1162 1612 
1162 1618 
1163 1167 
1163 1611 
1163 1613 
1164 1170 
1164 1274 
1164 1606 
1164 1616 
1165 1166 
1165 1169 
1165 1170 
1165 1171 
1165 1250 
1166 1170 
1166 1274 
1167 1168 
1167 1613 
1167 1614 
1168 1177 
1168 1178 
1168 1186 
1168 1614 
1168 1664 
1168 1666 
1169 1170 
1169 1171 
1169 1609 
1169 1617 
1170 1274 
1170 1616 
1170 1617 
1171 1250 
1171 1251 
1171 1609 
1171 1610 
1172 1173 
1172 1189 
1172 1194 
1172 1230 
1173 1174 
1173 1184 
1173 1189 
1174 1175 
1174 1184 
1175 1176 
1175 1187 
1175 1719 
1176 1177 
1176 1186 
1176 1187 
1177 1178 
1177 1186 
1178 1606 
1178 1615 
1178 1664 
1179 1180 
1179 1194 
1179 1245 
1179 1262 
1180 1245 
1180 1262 
1180 1268 
1180 1601 
1181 1182 
1182 1183 
1183 1248 
1184 1185 
1184 1189 
1185 1189 
1185 1249 
1186 1187 
1186 1718 
1187 1718 
1187 1719 
1188 1250 
1188 1251 
1188 1252 
1188 1253 
1189 1230 
1190 1191 
1190 1207 
1190 1259 
1191 1260 
1191 1545 
1192 1240 
1192 1328 
1193 1260 
1193 1343 
1193 1547 
1193 1579 
1194 1230 
1194 1245 
1194 1246 
1194 1261 
1194 1262 
1195 1196 
1195 1254 
1195 1266 
1196 1206 
1197 1586 
1197 1587 
1198 1199 
1198 1350 
1198 1351 
1198 1361 
1199 1339 
1199 1351 
1199 1356 
1200 1336 
1200 1337 
1200 1340 
1200 1341 
1200 1359 
1200 1549 
1201 1593 
1201 1599 
1202 1203 
1203 1227 
1204 1205 
1204 1238 
1204 1304 
1204 1365 
1204 1552 
1204 1570 
1205 1238 
1205 1304 
1205 1306 
1205 1364 
1206 1583 
1206 1584 
1206 1585 
1207 1208 
1207 1256 
1207 1258 
1207 1259 
1209 1210 
1209 1216 
1209 1355 
1210 1215 
1210 1216 
1210 1234 
1210 1352 
1211 1212 
1211 1245 
1211 1268 
1211 1601 
1212 1335 
1212 1603 
1213 1247 
1213 1261 
1213 1267 
1214 1221 
1215 1216 
1215 1225 
1215 1234 
1215 1239 
1217 1361 
1217 1363 
1217 1574 
1218 1242 
1219 1338 
1220 1242 
1222 1226 
1223 1224 
1223 1243 
1223 1264 
1223 1353 
1223 1542 
1224 1235 
1224 1236 
1224 1542 
1225 1232 
1225 1234 
1225 1239 
1225 1548 
1227 1582 
1228 1229 
1228 1267 
1229 1267 
1230 1262 
1231 1237 
1231 1277 
1231 1297 
1231 1300 
1231 1325 
1232 1233 
1232 1234 
1232 1353 
1232 1362 
1232 1548 
1233 1234 
1233 1237 
1233 1243 
1233 1277 
1233 1353 
1234 1277 
1234 1352 
1235 1236 
1235 1298 
1235 1308 
1235 1317 
1235 1542 
1236 1263 
1236 1298 
1236 1309 
1236 1349 
1236 1354 
1237 1243 
1237 1277 
1237 1297 
1237 1307 
1238 1306 
1238 1365 
1239 1241 
1239 1548 
1240 1328 
1240 1581 
1240 1582 
1243 1307 
1243 1308 
1243 1353 
1243 1542 
1244 1342 
1244 1354 
1244 1357 
1244 1543 
1244 1551 
1245 1246 
1245 1268 
1246 1261 
1247 1267 
1247 1269 
1250 1251 
1251 1252 
1251 1610 
1251 1618 
1252 1253 
1252 1618 
1254 1266 
1254 1721 
1255 1328 
1255 1546 
1255 1722 
1256 1257 
1256 1258 
1257 1258 
1257 1544 
1258 1259 
1260 1545 
1262 1601 
1263 1309 
1263 1354 
1263 1543 
1264 1353 
1264 1362 
1264 1574 
1265 1266 
1265 1335 
1265 1604 
1265 1721 
1266 1721 
1268 1601 
1269 1270 
1270 1271 
1271 1272 
1272 1273 
1273 1274 
1275 1276 
1275 1315 
1275 1318 
1275 1319 
1275 1552 
1276 1310 
1276 1318 
1276 1543 
1276 1551 
1276 1552 
1276 1569 
1277 1352 
1278 1285 
1278 1321 
1278 1322 
1278 1373 
1278 1405 
1278 1406 
1279 1280 
1279 1283 
1279 1303 
1279 1313 
1279 1314 
1279 1366 
1279 1368 
1280 1283 
1280 1286 
1280 1368 
1280 1369 
1280 1374 
1280 1409 
1281 1290 
1281 1320 
1281 1321 
1281 1322 
1281 1376 
1281 1417 
1282 1284 
1282 1288 
1282 1291 
1282 1292 
1282 1326 
1282 1372 
1283 1286 
1283 1305 
1283 1314 
1284 1291 
1284 1366 
1284 1372 
1285 1286 
1285 1300 
1285 1301 
1285 1322 
1285 1373 
1286 1301 
1286 1305 
1286 1373 
1286 1374 
1287 1288 
1287 1292 
1287 1293 
1287 1311 
1287 1316 
1287 1375 
1288 1292 
1288 1326 
1288 1367 
1288 1375 
1289 1293 
1289 1311 
1289 1312 
1289 1324 
1290 1294 
1290 1295 
1290 1312 
1290 1320 
1290 1324 
1290 1376 
1291 1292 
1291 1299 
1291 1310 
1291 1366 
1292 1310 
1292 1315 
1292 1316 
1292 1318 
1293 1304 
1293 1311 
1293 1316 
1293 1324 
1294 1295 
1294 1296 
1294 1323 
1294 1324 
1294 1577 
1295 1320 
1295 1577 
1296 1323 
1296 1577 
1297 1300 
1297 1301 
1297 1307 
1297 1327 
1298 1299 
1298 1303 
1298 1309 
1298 1317 
1299 1303 
1299 1309 
1299 1310 
1299 1366 
1300 1301 
1300 1320 
1300 1322 
1300 1325 
1301 1305 
1301 1327 
1302 1303 
1302 1305 
1302 1307 
1302 1308 
1302 1314 
1302 1317 
1302 1327 
1303 1314 
1303 1317 
1303 1366 
1304 1316 
1304 1319 
1304 1324 
1304 1364 
1304 1552 
1305 1314 
1305 1327 
1306 1323 
1306 1364 
1307 1308 
1307 1327 
1308 1317 
1308 1542 
1309 1310 
1309 1543 
1310 1318 
1310 1543 
1311 1312 
1311 1370 
1311 1371 
1311 1375 
1311 1416 
1312 1324 
1312 1376 
1312 1416 
1313 1366 
1313 1368 
1313 1372 
1313 1440 
1315 1316 
1315 1318 
1315 1319 
1316 1319 
1319 1552 
1320 1322 
1320 1325 
1320 1577 
1321 1322 
1321 1406 
1321 1407 
1321 1417 
1323 1324 
1323 1364 
1324 1364 
1325 1577 
1326 1367 
1326 1372 
1328 1546 
1328 1722 
1329 1330 
1329 1723 
1330 1723 
1331 1600 
1332 1333 
1332 1556 
1333 1585 
1333 1591 
1334 1556 
1334 1558 
1335 1604 
1335 1605 
1336 1337 
1336 1341 
1336 1566 
1336 1573 
1337 1338 
1337 1549 
1339 1340 
1339 1356 
1339 1549 
1340 1356 
1340 1359 
1340 1549 
1340 1550 
1341 1358 
1341 1359 
1341 1573 
1342 1348 
1342 1354 
1342 1357 
1342 1550 
1342 1576 
1343 1344 
1343 1547 
1343 1561 
1343 1568 
1344 1345 
1344 1553 
1344 1561 
1344 1562 
1345 1346 
1345 1553 
1345 1562 
1345 1565 
1346 1562 
1346 1565 
1346 1573 
1347 1355 
1347 1365 
1347 1570 
1347 1571 
1348 1357 
1348 1358 
1348 1359 
1348 1360 
1348 1550 
1349 1354 
1349 1575 
1350 1351 
1350 1361 
1350 1574 
1350 1575 
1351 1356 
1351 1575 
1351 1576 
1353 1362 
1354 1543 
1354 1575 
1354 1576 
1355 1563 
1355 1571 
1356 1550 
1356 1576 
1357 1360 
1357 1551 
1357 1569 
1358 1359 
1358 1360 
1358 1573 
1359 1550 
1360 1569 
1360 1571 
1360 1573 
1361 1363 
1361 1574 
1362 1574 
1365 1570 
1366 1372 
1367 1372 
1367 1375 
1367 1428 
1367 1440 
1367 1453 
1368 1399 
1368 1409 
1368 1440 
1369 1374 
1369 1405 
1369 1409 
1370 1371 
1370 1408 
1370 1416 
1371 1375 
1371 1408 
1371 1437 
1372 1440 
1373 1374 
1373 1405 
1374 1405 
1375 1434 
1375 1437 
1375 1453 
1376 1416 
1376 1417 
1377 1378 
1377 1379 
1377 1384 
1377 1385 
1377 1411 
1377 1412 
1378 1379 
1378 1380 
1378 1384 
1378 1424 
1378 1448 
1379 1394 
1379 1404 
1379 1412 
1379 1423 
1379 1424 
1380 1384 
1380 1393 
1380 1414 
1380 1439 
1380 1448 
1381 1382 
1381 1383 
1381 1414 
1381 1428 
1381 1434 
1381 1453 
1382 1383 
1382 1425 
1382 1433 
1382 1434 
1382 1451 
1382 1452 
1382 1457 
1383 1414 
1383 1426 
1383 1427 
1383 1451 
1384 1385 
1384 1401 
1384 1439 
1384 1441 
1385 1401 
1385 1411 
1385 1532 
1385 1533 
1386 1387 
1386 1390 
1386 1400 
1386 1402 
1386 1406 
1386 1407 
1386 1454 
1386 1535 
1387 1388 
1387 1389 
1387 1402 
1387 1406 
1387 1409 
1388 1389 
1388 1399 
1388 1409 
1388 1445 
1389 1402 
1389 1403 
1389 1410 
1389 1444 
1389 1445 
1390 1400 
1390 1407 
1390 1417 
1390 1447 
1391 1392 
1391 1398 
1391 1408 
1391 1416 
1391 1431 
1391 1447 
1392 1416 
1392 1417 
1392 1447 
1393 1414 
1393 1435 
1393 1448 
1393 1458 
1393 1460 
1393 1462 
1394 1395 
1394 1404 
1394 1422 
1394 1423 
1394 1454 
1395 1396 
1395 1415 
1395 1422 
1395 1454 
1395 1535 
1396 1397 
1396 1415 
1396 1430 
1396 1442 
1396 1470 
1396 1474 
1396 1510 
1396 1535 
1397 1429 
1397 1430 
1397 1442 
1397 1443 
1397 1488 
1397 1492 
1398 1408 
1398 1425 
1398 1431 
1398 1432 
1398 1433 
1398 1437 
1399 1409 
1399 1440 
1399 1441 
1399 1445 
1399 1446 
1400 1447 
1400 1508 
1400 1510 
1400 1535 
1401 1441 
1401 1455 
1401 1530 
1401 1531 
1401 1533 
1402 1403 
1402 1454 
1403 1404 
1403 1410 
1403 1454 
1404 1410 
1404 1412 
1404 1454 
1405 1406 
1405 1409 
1406 1407 
1406 1409 
1407 1417 
1408 1416 
1408 1437 
1410 1411 
1410 1412 
1410 1444 
1410 1522 
1411 1412 
1411 1522 
1411 1528 
1411 1532 
1413 1415 
1413 1420 
1413 1421 
1413 1422 
1413 1438 
1413 1449 
1413 1450 
1414 1426 
1414 1428 
1414 1435 
1414 1439 
1415 1422 
1415 1438 
1415 1470 
1416 1417 
1417 1447 
1418 1419 
1418 1429 
1418 1456 
1418 1457 
1418 1494 
1419 1429 
1419 1430 
1419 1456 
1419 1507 
1419 1511 
1420 1421 
1420 1422 
1420 1423 
1420 1459 
1420 1464 
1420 1467 
1420 1468 
1421 1426 
1421 1450 
1421 1465 
1421 1468 
1422 1423 
1423 1424 
1423 1459 
1424 1448 
1424 1458 
1424 1459 
1425 1432 
1425 1433 
1425 1456 
1425 1457 
1426 1427 
1426 1435 
1426 1436 
1426 1449 
1426 1450 
1426 1465 
1426 1466 
1427 1449 
1427 1451 
1427 1471 
1427 1473 
1428 1439 
1428 1440 
1428 1441 
1428 1453 
1429 1430 
1429 1492 
1429 1493 
1429 1494 
1429 1495 
1430 1510 
1430 1511 
1431 1432 
1431 1447 
1431 1506 
1431 1508 
1431 1512 
1431 1513 
1432 1456 
1432 1506 
1433 1434 
1433 1437 
1434 1437 
1434 1453 
1435 1436 
1435 1462 
1435 1466 
1436 1466 
1438 1449 
1438 1470 
1439 1441 
1440 1441 
1441 1446 
1441 1455 
1442 1443 
1442 1452 
1442 1474 
1442 1475 
1442 1476 
1443 1452 
1443 1488 
1443 1490 
1443 1491 
1444 1445 
1444 1522 
1444 1526 
1445 1446 
1445 1523 
1445 1525 
1445 1526 
1446 1455 
1446 1525 
1447 1508 
1448 1458 
1449 1450 
1449 1470 
1449 1471 
1449 1477 
1451 1452 
1451 1472 
1451 1473 
1451 1475 
1452 1457 
1452 1475 
1452 1489 
1452 1490 
1454 1535 
1455 1525 
1455 1531 
1456 1457 
1456 1505 
1456 1506 
1456 1507 
1457 1489 
1457 1494 
1458 1459 
1458 1460 
1458 1463 
1459 1463 
1459 1464 
1460 1461 
1460 1462 
1460 1463 
1461 1462 
1461 1463 
1462 1463 
1462 1466 
1462 1469 
1463 1464 
1463 1467 
1463 1469 
1464 1467 
1465 1466 
1465 1468 
1465 1469 
1466 1469 
1467 1468 
1467 1469 
1468 1469 
1470 1474 
1470 1477 
1470 1480 
1470 1485 
1471 1473 
1471 1477 
1471 1478 
1471 1479 
1472 1473 
1472 1475 
1472 1482 
1473 1479 
1473 1482 
1474 1476 
1474 1485 
1474 1486 
1474 1487 
1475 1476 
1475 1482 
1475 1484 
1476 1483 
1476 1484 
1476 1486 
1477 1478 
1477 1480 
1478 1479 
1478 1480 
1478 1481 
1478 1482 
1479 1482 
1480 1481 
1480 1485 
1480 1486 
1480 1487 
1481 1482 
1481 1484 
1481 1486 
1482 1484 
1483 1484 
1483 1486 
1484 1486 
1485 1487 
1486 1487 
1488 1491 
1488 1492 
1488 1498 
1488 1503 
1489 1490 
1489 1494 
1489 1499 
1490 1491 
1490 1496 
1490 1499 
1491 1496 
1491 1498 
1492 1493 
1492 1502 
1492 1503 
1493 1495 
1493 1501 
1493 1502 
1494 1495 
1494 1499 
1494 1500 
1495 1500 
1495 1501 
1496 1497 
1496 1498 
1496 1499 
1497 1498 
1497 1499 
1497 1501 
1497 1503 
1498 1503 
1499 1500 
1499 1501 
1500 1501 
1501 1502 
1501 1503 
1502 1503 
1504 1509 
1504 1510 
1504 1511 
1504 1515 
1504 1520 
1505 1506 
1505 1507 
1505 1514 
1505 1517 
1506 1512 
1506 1517 
1507 1511 
1507 1514 
1507 1515 
1508 1509 
1508 1510 
1508 1513 
1509 1510 
1509 1513 
1509 1519 
1509 1520 
1510 1511 
1510 1535 
1511 1515 
1512 1513 
1512 1517 
1512 1518 
1512 1519 
1513 1519 
1514 1515 
1514 1516 
1514 1517 
1515 1516 
1515 1520 
1516 1517 
1516 1518 
1516 1520 
1516 1521 
1517 1518 
1518 1519 
1518 1521 
1519 1520 
1519 1521 
1520 1521 
1522 1526 
1522 1528 
1523 1524 
1523 1525 
1523 1526 
1523 1527 
1523 1528 
1524 1525 
1524 1527 
1524 1531 
1525 1531 
1526 1528 
1527 1528 
1527 1529 
1527 1531 
1527 1534 
1528 1529 
1528 1532 
1529 1532 
1529 1534 
1530 1531 
1530 1533 
1530 1534 
1531 1534 
1532 1533 
1532 1534 
1533 1534 
1536 1537 
1536 1539 
1536 1541 
1537 1538 
1537 1539 
1537 1541 
1538 1539 
1538 1540 
1539 1540 
1543 1551 
1544 1722 
1545 1554 
1545 1555 
1548 1581 
1550 1576 
1551 1569 
1552 1569 
1552 1570 
1552 1571 
1553 1564 
1553 1565 
1554 1555 
1554 1588 
1554 1591 
1554 1595 
1554 1597 
1555 1597 
1555 1600 
1557 1559 
1557 1560 
1557 1604 
1558 1560 
1559 1604 
1559 1605 
1560 1604 
1561 1562 
1561 1568 
1562 1566 
1562 1573 
1563 1571 
1563 1573 
1564 1565 
1566 1573 
1567 1568 
1568 1572 
1569 1571 
1570 1571 
1571 1573 
1575 1576 
1578 1579 
1580 1581 
1580 1582 
1581 1582 
1583 1584 
1583 1586 
1583 1590 
1584 1585 
1584 1588 
1584 1590 
1584 1598 
1585 1588 
1585 1591 
1586 1587 
1586 1589 
1586 1590 
1587 1589 
1587 1592 
1588 1591 
1588 1595 
1588 1598 
1589 1590 
1589 1592 
1589 1594 
1589 1598 
1590 1598 
1592 1593 
1592 1594 
1592 1602 
1593 1594 
1593 1596 
1593 1599 
1593 1602 
1594 1595 
1594 1596 
1594 1597 
1594 1598 
1595 1597 
1595 1598 
1596 1597 
1596 1600 
1597 1600 
1599 1602 
1601 1721 
1604 1605 
1606 1607 
1606 1608 
1606 1615 
1606 1616 
1607 1608 
1607 1615 
1607 1620 
1607 1708 
1607 1709 
1608 1616 
1608 1617 
1608 1697 
1608 1709 
1609 1610 
1609 1617 
1609 1619 
1609 1670 
1610 1618 
1610 1619 
1611 1612 
1611 1613 
1611 1669 
1611 1689 
1611 1717 
1612 1618 
1612 1669 
1613 1614 
1613 1667 
1613 1717 
1614 1666 
1614 1667 
1615 1620 
1615 1664 
1615 1665 
1616 1617 
1617 1670 
1617 1695 
1617 1697 
1618 1619 
1618 1669 
1619 1669 
1619 1670 
1619 1690 
1620 1665 
1620 1671 
1620 1699 
1620 1702 
1620 1708 
1621 1622 
1621 1639 
1621 1654 
1621 1656 
1621 1657 
1622 1641 
1622 1643 
1622 1656 
1622 1657 
1622 1658 
1622 1659 
1623 1624 
1623 1625 
1623 1634 
1623 1636 
1623 1650 
1624 1625 
1624 1635 
1624 1650 
1624 1651 
1625 1634 
1625 1635 
1625 1648 
1626 1627 
1626 1628 
1626 1652 
1626 1653 
1626 1655 
1627 1628 
1627 1637 
1627 1638 
1627 1653 
1628 1638 
1628 1640 
1628 1650 
1628 1652 
1629 1630 
1629 1631 
1629 1662 
1629 1663 
1629 1679 
1630 1631 
1630 1647 
1630 1679 
1630 1682 
1631 1647 
1631 1661 
1631 1662 
1632 1633 
1632 1643 
1632 1659 
1632 1660 
1633 1644 
1633 1645 
1633 1659 
1633 1660 
1634 1636 
1634 1648 
1634 1649 
1634 1652 
1635 1648 
1635 1651 
1635 1680 
1636 1650 
1636 1652 
1637 1638 
1637 1653 
1637 1654 
1637 1656 
1638 1640 
1638 1654 
1639 1640 
1639 1654 
1639 1657 
1640 1644 
1640 1650 
1640 1651 
1640 1654 
1640 1657 
1640 1658 
1640 1681 
1641 1658 
1641 1659 
1642 1645 
1642 1646 
1642 1660 
1642 1661 
1643 1646 
1643 1656 
1643 1659 
1643 1660 
1643 1677 
1644 1645 
1644 1647 
1644 1658 
1644 1659 
1644 1681 
1644 1684 
1645 1647 
1645 1660 
1645 1661 
1646 1660 
1646 1661 
1646 1662 
1646 1663 
1646 1677 
1647 1661 
1647 1682 
1647 1684 
1648 1649 
1648 1674 
1648 1676 
1648 1680 
1649 1652 
1649 1655 
1649 1656 
1649 1676 
1649 1677 
1650 1651 
1650 1652 
1651 1680 
1651 1681 
1652 1655 
1653 1655 
1653 1656 
1654 1656 
1655 1656 
1656 1677 
1657 1658 
1658 1659 
1661 1662 
1662 1663 
1663 1677 
1663 1678 
1663 1679 
1663 1686 
1664 1665 
1664 1666 
1665 1666 
1665 1668 
1665 1671 
1666 1667 
1666 1668 
1667 1668 
1667 1673 
1667 1717 
1668 1671 
1668 1672 
1668 1673 
1669 1689 
1669 1690 
1670 1688 
1670 1690 
1670 1691 
1670 1692 
1670 1693 
1670 1695 
1671 1672 
1671 1685 
1671 1699 
1672 1673 
1672 1677 
1672 1678 
1672 1685 
1673 1678 
1673 1686 
1673 1717 
1674 1675 
1674 1676 
1674 1680 
1675 1676 
1675 1680 
1675 1685 
1675 1699 
1675 1700 
1676 1677 
1676 1685 
1677 1678 
1677 1685 
1678 1686 
1679 1682 
1679 1686 
1679 1687 
1679 1704 
1680 1681 
1680 1700 
1681 1683 
1681 1684 
1681 1700 
1681 1710 
1682 1684 
1682 1704 
1682 1711 
1683 1684 
1683 1710 
1683 1712 
1684 1711 
1684 1712 
1685 1699 
1686 1687 
1686 1717 
1687 1688 
1687 1689 
1687 1690 
1687 1704 
1687 1717 
1688 1690 
1688 1692 
1688 1704 
1688 1705 
1689 1690 
1689 1717 
1691 1692 
1691 1693 
1691 1694 
1691 1705 
1692 1705 
1693 1694 
1693 1695 
1694 1695 
1694 1696 
1694 1705 
1694 1706 
1695 1696 
1695 1697 
1695 1698 
1696 1698 
1696 1706 
1697 1698 
1697 1702 
1697 1703 
1697 1708 
1697 1709 
1698 1703 
1698 1706 
1698 1707 
1699 1700 
1699 1702 
1700 1701 
1700 1702 
1700 1703 
1700 1710 
1701 1703 
1701 1707 
1701 1710 
1701 1712 
1702 1703 
1702 1708 
1703 1707 
1704 1705 
1704 1711 
1704 1714 
1705 1706 
1705 1714 
1705 1715 
1706 1707 
1706 1715 
1707 1712 
1707 1715 
1707 1716 
1708 1709 
1710 1712 
1711 1712 
1711 1713 
1711 1714 
1712 1713 
1712 1716 
1713 1714 
1713 1716 
1714 1715 
1714 1716 
1715 1716 
1718 1719 
1718 1720 
