-1.122067775577306747e-02 2.779826521873474121e-01 1.987635850906372070e+00
5.819753929972648621e-02 3.491233289241790771e-01 2.042483568191528320e+00
-8.547800779342651367e-02 3.433963060379028320e-01 2.041818141937255859e+00
2.086102962493896484e-03 1.692290902137756348e-01 1.960180044174194336e+00
1.633943468332290649e-01 4.783248901367187500e-01 1.694766044616699219e+00
-1.940395683050155640e-01 4.913814067840576172e-01 1.708474636077880859e+00
6.305547431111335754e-04 1.216299161314964294e-01 1.817675828933715820e+00
1.341850757598876953e-01 8.312842249870300293e-01 1.881180644035339355e+00
-1.418693512678146362e-01 8.241970539093017578e-01 1.903614759445190430e+00
2.443313598632812500e-03 9.539926052093505859e-02 1.758465528488159180e+00
2.330735027790069580e-01 8.811649084091186523e-01 1.784256219863891602e+00
-2.447529137134552002e-01 8.753458857536315918e-01 1.793404698371887207e+00
-1.564313471317291260e-02 -9.907361865043640137e-02 1.633173227310180664e+00
7.506955415010452271e-02 -3.106294199824333191e-03 1.685958266258239746e+00
-8.961509168148040771e-02 -3.794502466917037964e-03 1.691653728485107422e+00
-8.576815947890281677e-03 -1.394386887550354004e-01 1.541800737380981445e+00
2.162879109382629395e-01 -3.950701281428337097e-02 1.651798605918884277e+00
-2.126002907752990723e-01 -3.228389099240303040e-02 1.647391915321350098e+00
4.389920830726623535e-01 4.194708913564682007e-02 1.666504979133605957e+00
-4.262042641639709473e-01 8.008787035942077637e-02 1.634980797767639160e+00
3.425045609474182129e-01 -1.234679445624351501e-01 1.486718416213989258e+00
-3.515484333038330078e-01 -1.104260012507438660e-01 1.470525145530700684e+00
3.262555599212646484e-01 -2.075876444578170776e-01 1.465081453323364258e+00
-3.637822270393371582e-01 -1.963864713907241821e-01 1.459591746330261230e+00
