2 38 1
53 3 66
66 3 15
82 81 6
13 4 5
4 6 5
5 8 7
5 7 75
102 727 14
673 39 2
675 17 18
18 82 675
51 1 65
1 38 27
66 19 20
22 23 24
55 29 28
40 30 27
23 33 24
24 33 84
32 33 23
35 31 34
58 36 90
87 40 27
42 48 43
37 43 44
45 46 48
347 46 45
42 43 94
48 44 43
72 37 44
79 13 52
52 19 66
54 55 28
34 56 35
35 56 57
59 60 58
58 60 61
37 72 62
47 63 64
29 55 1
1 55 65
26 29 1
1 27 26
66 20 53
22 96 20
20 96 53
27 30 26
30 31 26
26 31 29
31 35 29
29 35 28
35 57 28
28 57 54
40 67 30
68 69 31
31 69 34
67 68 30
30 68 31
67 40 85
56 34 70
70 34 69
13 5 105
891 498 12
73 14 727
78 49 25
48 46 47
72 44 64
970 72 110
11 13 9
7 104 75
104 7 74
76 77 8
8 77 74
51 2 1
51 762 946
52 13 10
38 2 39
66 79 52
4 674 82
2 50 673
673 50 16
50 80 17
94 125 42
108 86 87
36 67 41
69 68 58
68 67 58
58 67 36
41 67 85
58 61 69
69 61 70
60 88 61
61 88 89
93 90 36
94 93 41
41 93 36
90 91 59
91 92 59
59 92 60
96 108 53
53 108 87
43 37 94
94 37 93
37 62 91
62 95 91
83 24 84
79 4 13
52 10 19
14 19 10
20 21 32
81 97 8
8 97 76
80 97 81
57 98 54
54 98 99
70 100 56
56 100 101
8 6 81
7 8 74
6 8 5
906 9 71
2 51 50
59 58 90
62 72 95
763 64 63
103 63 47
71 105 972
110 64 763
17 16 50
82 18 81
75 105 5
64 44 47
4 79 674
82 6 4
77 105 74
22 20 23
23 20 32
25 187 32
32 73 25
54 99 55
55 99 106
90 93 37
91 90 37
95 92 91
61 89 70
70 89 100
338 33 187
187 33 32
674 15 677
38 3 27
48 42 45
79 66 15
673 677 39
3 53 87
18 80 81
107 109 95
95 109 92
83 96 24
19 14 21
96 22 24
21 20 19
48 47 44
78 25 73
729 78 73
64 110 72
75 104 105
105 104 74
17 80 18
675 16 17
676 675 82
674 676 82
79 15 674
970 107 72
72 107 95
111 112 86
886 111 108
108 111 86
112 113 86
86 113 85
114 113 112
120 115 114
114 115 113
120 116 115
115 116 117
116 118 117
117 118 119
115 85 113
133 120 114
122 124 121
121 124 123
123 124 130
122 121 96
121 888 96
96 888 108
127 119 118
888 886 108
126 83 127
128 85 115
115 117 128
119 127 125
128 119 125
117 119 128
122 96 124
124 96 126
130 124 129
130 129 887
118 132 129
131 129 132
111 886 889
111 889 133
131 132 133
120 133 132
132 116 120
132 118 116
129 131 887
371 134 135
353 137 685
141 342 142
150 137 885
372 678 445
445 678 145
154 146 395
138 157 222
680 681 226
226 681 161
159 157 331
331 157 158
137 160 685
153 149 687
475 476 162
397 146 179
209 715 878
878 715 724
209 690 710
710 690 689
470 162 709
339 168 167
141 169 186
688 689 472
170 720 895
172 171 178
490 365 174
175 141 327
363 372 456
456 372 445
315 316 180
180 316 181
169 469 346
346 469 103
185 182 184
184 182 749
347 186 346
346 186 169
187 186 347
186 187 134
185 225 182
182 225 188
697 698 146
146 698 179
195 326 190
190 326 735
701 697 154
154 697 146
325 212 194
219 702 155
756 197 216
199 760 751
212 325 230
230 325 391
400 201 213
377 378 202
202 378 203
204 205 206
180 696 683
207 683 695
210 380 211
232 196 334
194 212 233
213 201 214
392 393 320
320 393 376
215 216 197
217 218 219
225 199 188
223 224 354
226 701 154
157 138 158
158 138 726
194 233 334
229 251 294
212 231 234
232 195 196
323 324 228
224 223 235
235 223 236
233 212 234
234 231 304
247 234 304
232 248 249
249 252 232
232 252 382
306 305 380
407 237 238
237 239 238
238 239 258
240 259 241
241 242 240
242 243 260
255 260 304
304 260 243
235 236 250
243 242 248
242 241 248
248 241 252
239 252 241
239 237 305
250 237 407
244 245 229
229 245 251
253 254 256
256 254 255
253 246 879
259 257 258
260 261 242
255 254 262
262 254 880
257 312 258
311 257 259
261 269 240
266 261 260
277 266 267
267 266 262
262 266 260
272 273 265
274 269 268
280 281 272
272 281 273
267 276 277
267 309 276
278 279 271
280 285 281
284 388 276
279 278 766
772 285 286
775 288 287
777 289 769
769 289 282
282 290 769
388 771 290
388 284 771
291 292 1267
251 307 294
245 295 251
251 295 307
297 264 270
299 270 298
300 298 279
279 766 300
248 247 243
305 306 239
307 308 314
262 260 255
240 242 261
407 238 265
244 263 245
245 263 264
245 264 295
295 264 296
310 299 309
309 267 879
311 313 257
318 370 317
159 319 221
197 758 219
303 321 398
750 324 323
441 366 442
327 328 487
475 471 474
331 352 731
196 733 334
698 181 179
179 181 397
397 181 316
171 339 167
164 336 489
302 750 323
337 203 378
237 250 236
380 223 211
211 223 354
398 321 322
343 719 690
142 342 136
134 187 135
135 187 344
345 135 49
433 364 456
456 364 363
103 47 346
346 47 46
46 347 346
433 348 364
142 495 328
25 344 187
135 25 49
349 325 194
215 350 216
372 363 402
402 363 148
882 218 217
687 686 362
362 686 360
159 351 319
224 389 292
399 323 356
356 293 314
307 314 294
307 295 246
295 296 246
296 297 310
444 176 443
176 441 443
332 453 359
401 365 432
678 401 145
145 401 432
363 364 148
360 361 362
367 372 402
168 340 368
317 152 151
370 318 687
684 464 151
371 160 342
135 345 371
678 372 367
333 366 165
155 703 161
224 379 389
395 680 154
154 680 226
235 405 224
381 195 382
305 236 380
383 308 256
307 246 308
304 231 255
258 265 238
312 265 258
312 272 265
299 298 309
280 272 384
384 272 312
386 387 313
313 387 385
388 275 277
283 298 357
280 384 286
286 384 288
384 287 288
387 289 385
385 289 287
355 390 354
751 391 325
320 337 392
304 243 247
248 252 249
305 237 236
223 380 236
394 882 155
394 681 883
397 396 146
301 302 399
399 201 301
191 326 200
365 177 358
358 177 176
401 678 367
881 751 468
378 403 337
235 404 405
404 250 406
406 244 229
263 244 407
265 408 407
281 409 273
273 409 408
285 409 281
354 224 291
291 224 292
1267 355 291
291 355 354
495 142 496
401 367 361
390 737 200
200 737 191
326 210 200
200 210 211
399 302 323
714 455 451
361 174 401
504 512 422
412 413 414
416 417 415
510 418 420
419 416 421
463 420 418
419 421 411
412 414 516
516 414 517
421 512 511
422 415 417
410 510 499
499 510 420
457 430 412
412 430 413
426 499 434
440 434 420
420 434 499
443 438 444
436 434 433
428 429 497
417 416 431
431 416 432
437 453 452
438 461 430
348 433 434
434 446 348
432 365 431
446 679 348
414 448 517
410 426 411
452 427 463
433 454 436
427 451 455
456 454 433
694 451 450
448 429 447
457 417 458
458 417 431
459 504 422
515 447 423
459 422 425
425 422 417
437 428 497
365 358 431
427 446 440
424 418 462
679 446 455
449 439 416
460 442 497
145 435 445
435 454 445
443 460 461
456 445 454
413 448 414
459 412 513
513 412 516
429 430 497
416 439 432
446 434 440
420 463 440
440 463 427
143 369 227
340 686 368
339 156 360
438 458 444
444 458 358
458 438 457
457 438 430
412 459 425
369 318 227
227 318 317
111 133 112
112 133 114
33 338 45
45 338 347
83 126 96
33 45 42
33 42 84
889 887 131
123 130 887
131 133 889
86 85 87
87 85 40
187 347 338
103 183 63
41 85 128
125 41 128
747 1331 722
467 466 699
697 701 225
225 757 199
757 760 199
344 25 135
32 21 73
21 14 73
14 10 102
102 10 498
10 12 498
12 11 906
11 9 906
469 169 175
477 478 479
330 705 373
163 706 491
175 327 473
473 327 487
148 364 147
487 328 486
486 328 488
171 491 489
156 339 336
339 171 336
336 171 489
174 361 360
328 495 488
488 495 718
360 340 339
374 375 478
374 478 477
489 491 485
364 374 147
147 374 477
473 487 492
492 487 486
693 493 483
476 475 484
711 482 713
491 706 485
495 140 718
718 139 481
481 139 153
362 481 153
361 481 362
160 341 342
342 341 136
402 481 367
361 367 481
156 174 360
174 156 490
336 490 156
336 164 490
490 164 165
437 442 359
333 694 453
450 453 694
13 105 9
10 11 12
10 13 11
9 105 71
427 453 450
451 427 450
452 428 437
428 452 447
447 452 423
452 463 423
416 415 421
425 457 412
429 413 430
511 512 552
506 508 507
507 508 509
511 503 411
514 509 508
514 508 424
424 508 515
462 510 501
501 510 500
514 462 501
506 505 448
505 517 448
548 554 529
529 554 580
519 553 535
518 519 520
556 522 568
526 546 550
550 546 528
529 527 528
529 580 527
527 580 582
551 530 550
550 530 526
562 535 561
572 646 533
582 581 527
527 581 542
535 536 557
590 536 523
672 526 543
583 642 543
524 525 544
550 528 549
527 542 502
519 563 520
520 563 584
535 557 561
534 521 584
642 583 646
646 583 533
535 562 519
519 562 563
558 570 569
592 591 564
586 565 566
672 536 590
571 569 570
564 572 540
564 522 592
592 522 589
564 573 522
540 573 564
507 509 573
568 522 573
565 588 556
556 588 522
566 599 559
521 593 541
557 575 555
567 577 556
542 577 576
542 576 502
553 554 547
547 554 548
672 590 546
567 568 501
501 568 514
500 502 576
527 503 552
539 505 533
505 507 533
573 514 568
576 567 500
500 567 501
527 502 503
531 597 563
578 579 537
537 579 538
581 582 657
541 556 521
566 585 586
518 587 553
567 576 577
555 585 559
559 585 566
557 536 537
534 593 521
589 579 578
572 564 591
599 566 574
599 560 559
575 586 555
555 586 585
584 521 520
556 568 567
596 574 541
597 534 563
533 583 539
539 583 545
551 513 516
581 577 542
551 505 545
545 505 539
583 530 545
582 580 657
656 544 577
577 544 525
575 557 538
557 555 561
569 591 558
556 566 565
593 596 541
534 584 563
549 528 552
529 528 546
581 656 577
521 556 577
545 530 551
528 527 552
574 596 600
534 594 593
534 597 594
574 600 599
593 594 596
595 596 594
598 594 597
594 598 595
601 598 597
597 531 601
531 532 601
599 602 560
602 601 560
560 601 532
602 599 600
602 600 598
598 600 595
598 601 602
596 595 600
559 560 555
531 562 532
532 562 561
531 563 562
560 532 555
555 532 561
556 541 566
566 541 574
603 605 586
579 609 610
608 615 606
604 588 605
607 579 610
613 605 603
617 610 609
608 607 619
617 609 611
611 609 604
606 613 603
609 589 588
605 611 604
603 586 606
614 613 606
610 617 607
611 618 617
618 611 612
611 605 612
612 605 613
614 612 613
612 614 616
616 614 615
612 621 618
617 618 621
615 614 606
615 608 620
617 619 607
617 620 619
619 620 608
616 620 621
620 617 621
620 616 615
621 612 616
605 565 586
607 608 579
579 608 538
606 575 608
606 586 575
589 609 579
538 608 575
605 588 565
588 604 609
589 522 588
589 578 623
623 578 624
570 558 627
627 558 628
635 636 627
638 622 626
622 632 624
592 589 625
625 589 623
632 629 624
624 629 623
626 622 571
637 638 626
635 627 628
636 637 627
627 637 626
635 628 630
630 628 625
629 630 623
623 630 625
631 630 629
631 629 632
632 633 631
633 632 622
631 634 635
622 638 633
638 637 636
638 636 634
635 634 636
634 631 638
638 631 633
635 630 631
627 626 570
622 537 571
624 578 622
622 578 537
570 626 571
625 628 592
592 628 558
645 639 650
591 641 648
640 591 648
641 645 650
569 644 645
572 591 640
643 642 647
649 648 641
653 647 646
653 646 651
651 646 640
650 649 641
648 651 640
647 653 652
647 652 643
655 651 649
649 651 648
652 654 643
654 639 643
654 652 655
651 655 653
652 653 655
639 654 650
650 654 649
655 649 654
591 569 641
639 645 644
642 643 644
644 643 639
572 640 646
569 645 641
553 587 662
553 662 554
660 657 580
658 656 581
554 660 580
657 658 581
658 665 656
656 665 544
544 665 666
544 666 524
670 524 666
659 657 660
659 658 657
667 658 659
659 660 661
658 667 665
662 663 661
661 554 662
661 660 554
661 664 659
659 664 667
665 671 666
665 667 668
667 664 668
524 670 587
587 670 669
669 662 587
666 671 670
669 670 663
663 670 671
664 663 671
671 668 664
671 665 668
669 663 662
664 661 663
537 538 557
571 537 569
644 543 642
543 644 672
592 558 591
569 537 644
647 642 646
536 672 537
537 672 644
672 546 526
547 548 590
590 548 546
523 536 535
587 518 524
524 518 525
521 525 520
520 525 518
577 525 521
547 535 553
547 523 535
590 523 547
530 543 526
548 529 546
530 583 543
572 533 540
533 507 540
507 573 540
553 519 518
16 675 676
16 676 674
673 16 674
84 42 125
41 125 94
177 366 441
358 176 444
176 177 441
333 453 332
694 714 451
359 442 332
332 442 366
366 333 332
401 174 365
490 165 177
177 165 366
348 679 374
374 679 375
365 490 177
364 348 374
215 220 221
173 748 721
397 316 335
682 683 207
395 396 143
143 396 144
316 315 166
166 315 178
680 395 227
227 395 143
350 221 319
173 480 748
335 316 166
396 335 144
731 352 685
149 139 725
369 687 318
353 352 726
726 352 158
352 331 158
331 732 351
160 765 730
331 351 159
419 449 416
447 429 428
426 449 419
417 457 425
510 462 418
422 512 415
512 421 415
423 463 424
499 426 410
413 429 448
463 418 424
419 411 426
423 424 515
515 506 447
513 504 459
506 448 447
421 511 411
410 500 510
424 462 514
503 410 411
508 506 515
500 410 502
410 503 502
550 549 504
504 549 512
516 517 551
551 517 505
507 505 506
551 550 513
513 550 504
514 573 509
549 552 512
552 503 511
141 186 342
141 175 169
134 371 342
186 134 342
878 343 690
691 688 469
330 208 682
335 166 167
144 335 167
227 317 883
151 222 684
684 222 220
170 480 173
691 471 688
688 471 470
474 471 691
483 479 478
483 478 693
693 478 375
693 679 712
712 679 455
455 714 712
694 333 713
711 333 482
333 165 482
482 165 164
164 489 482
707 491 172
178 208 172
172 208 707
178 682 208
315 682 178
315 683 682
180 683 315
747 722 721
699 700 181
181 700 180
700 696 180
703 701 226
698 699 181
695 747 748
693 375 679
711 713 333
170 704 480
485 713 482
494 717 484
373 708 707
704 709 705
705 709 162
709 710 470
470 689 688
369 143 368
143 144 368
368 144 168
144 167 168
167 166 171
166 178 171
330 373 208
330 480 705
705 480 704
704 710 709
715 209 710
689 470 710
209 878 690
690 719 472
494 484 493
493 712 494
494 712 714
714 716 494
715 704 170
717 706 708
716 706 717
706 716 485
485 716 713
494 716 717
704 715 710
476 708 705
716 714 713
481 402 718
402 148 718
718 148 488
148 147 488
488 147 486
147 477 486
486 477 492
477 479 492
479 483 692
692 483 484
492 479 692
175 474 691
175 691 469
469 688 103
472 183 688
688 183 103
472 719 183
461 438 443
431 358 458
359 453 437
435 436 454
455 446 427
441 442 460
439 435 145
443 441 460
432 439 145
437 497 442
439 449 435
426 434 436
449 426 435
435 426 436
497 430 460
460 430 461
427 452 453
484 717 476
721 892 723
721 722 892
721 723 173
173 723 894
173 894 720
173 720 170
170 895 715
370 725 152
725 726 152
73 727 729
12 906 891
728 78 729
371 345 765
331 731 732
160 730 685
764 345 728
728 345 49
765 160 371
732 319 351
733 738 334
184 749 467
205 734 206
206 734 735
736 466 467
734 739 735
735 739 190
700 466 696
206 191 204
204 191 737
744 741 740
743 744 740
742 744 696
466 736 742
742 736 741
191 206 326
326 206 735
740 745 329
329 193 740
193 192 740
740 192 743
721 748 747
314 308 214
229 294 228
228 324 229
212 230 231
383 231 213
232 334 248
234 247 233
323 228 293
228 294 293
323 293 356
294 314 293
324 379 229
229 379 405
380 210 381
306 380 381
210 195 381
334 233 248
247 248 233
270 263 271
268 275 274
276 388 277
283 276 309
297 270 299
309 298 283
384 312 385
385 312 313
268 277 275
263 270 264
269 261 268
297 296 264
879 310 309
261 266 268
268 266 277
269 274 311
311 274 386
312 257 313
310 297 299
283 284 276
270 271 279
286 285 280
275 290 274
274 290 282
270 279 298
357 298 300
384 385 287
275 388 290
285 278 409
392 337 403
377 750 378
749 182 349
349 182 188
403 393 392
750 301 378
378 301 403
736 467 749
738 741 736
740 741 745
745 741 739
734 205 745
745 205 329
205 752 329
329 752 746
754 753 337
337 753 203
753 754 1603
200 211 390
390 211 354
1603 755 753
203 1083 202
747 192 1331
758 759 702
757 701 703
756 758 197
759 760 702
702 760 703
221 350 215
335 396 397
215 218 220
155 681 394
395 146 396
466 700 699
698 184 699
699 184 467
185 184 697
697 184 698
225 185 697
701 757 225
756 761 198
696 466 742
695 744 747
747 744 743
743 192 747
55 106 65
65 106 762
88 60 109
109 60 92
56 101 57
57 101 98
51 946 50
50 946 97
71 972 968
78 728 49
50 97 80
65 762 51
63 189 763
345 764 765
774 772 286
825 766 778
773 766 871
871 766 767
829 768 775
776 777 769
776 769 770
877 770 771
773 778 766
829 774 768
779 780 817
782 783 781
781 783 784
786 787 785
789 790 788
791 792 820
808 783 793
794 810 784
810 809 784
811 793 795
815 812 796
815 797 812
811 786 785
816 780 779
814 813 799
799 813 817
818 817 813
816 779 800
823 820 821
823 822 820
791 819 792
792 819 801
801 802 792
821 806 788
788 806 789
806 790 789
793 783 782
793 807 808
794 808 839
781 784 809
782 781 793
793 781 795
796 812 787
813 814 798
798 814 796
797 815 807
811 797 807
787 786 798
809 813 786
786 813 798
780 816 815
814 780 815
818 813 801
801 819 818
818 819 800
806 821 802
822 823 816
819 822 816
802 801 806
804 803 790
804 790 838
803 805 788
805 803 823
805 823 821
779 817 818
812 785 787
788 790 803
791 820 822
783 808 794
795 809 811
785 797 811
799 780 814
791 822 819
788 805 821
784 783 794
839 810 794
795 781 809
793 811 807
796 787 798
796 814 815
812 797 785
809 786 811
817 780 799
779 818 800
800 819 816
821 820 802
802 820 792
838 803 804
824 825 778
357 825 283
283 825 826
826 827 284
767 766 278
768 288 775
290 770 769
771 770 290
825 300 766
774 286 768
768 286 288
278 772 767
825 357 300
825 824 826
284 283 826
827 826 832
826 824 832
775 776 828
778 830 824
824 830 831
824 831 832
827 832 833
827 877 771
771 284 827
808 834 835
834 837 836
808 835 839
840 841 843
834 836 844
844 836 860
860 836 845
836 837 845
845 837 846
837 838 846
845 846 877
877 846 847
846 848 847
850 847 848
847 849 877
850 849 847
854 851 853
854 853 855
855 853 856
857 852 851
851 854 857
855 859 858
859 855 856
834 844 835
839 835 862
877 833 845
845 833 860
844 860 831
835 844 861
861 844 831
835 861 862
861 865 862
839 862 840
840 862 863
863 862 864
862 865 866
866 865 858
865 861 830
830 861 831
846 838 842
867 846 842
848 846 867
848 867 868
848 868 852
851 868 853
853 868 869
853 869 856
856 869 859
859 869 870
859 870 866
864 866 870
862 866 864
860 833 832
860 832 831
865 830 773
865 773 858
858 773 871
855 858 774
774 858 871
854 855 829
829 855 774
854 829 857
775 857 829
850 828 849
849 828 776
840 863 841
841 864 843
843 872 842
867 842 872
873 872 843
873 843 864
864 841 863
872 873 874
872 874 875
872 875 867
868 867 875
864 870 873
873 870 874
869 868 876
876 868 875
869 876 870
876 874 870
810 839 840
810 840 809
809 840 813
813 840 801
801 840 843
801 843 806
806 843 790
790 843 842
790 842 838
838 837 803
803 837 823
823 837 816
837 834 816
816 834 815
815 834 807
807 834 808
830 778 773
849 776 877
877 776 770
833 877 827
183 719 189
183 189 63
267 880 879
882 217 155
219 155 217
703 155 702
356 214 399
399 214 201
468 376 881
881 376 393
214 356 314
256 246 253
256 308 246
882 394 684
213 214 383
383 214 308
400 393 201
376 468 758
758 468 759
155 161 681
468 751 760
213 230 400
400 230 391
254 253 880
880 253 879
226 161 703
231 383 255
255 383 256
400 751 881
680 883 681
468 760 759
213 231 230
757 703 760
267 262 880
310 879 296
296 879 246
883 464 394
684 394 464
227 883 680
199 325 188
188 325 349
199 751 325
745 739 734
1267 292 322
334 736 749
324 750 377
334 749 194
194 749 349
301 201 403
403 201 393
292 389 322
322 389 398
750 302 301
738 736 334
205 204 752
881 393 400
400 391 751
733 195 190
210 326 195
748 207 695
306 382 252
239 241 258
258 241 259
269 311 240
240 311 259
775 287 777
777 287 289
202 303 377
377 303 398
306 252 239
733 196 195
707 208 373
712 493 693
324 389 379
232 382 195
386 274 387
274 282 387
387 282 289
163 491 707
229 405 404
250 404 235
229 404 406
407 406 250
244 406 407
408 263 407
263 408 271
271 408 409
772 278 285
482 489 485
483 493 484
748 682 207
480 330 748
748 330 682
696 695 683
714 694 713
733 190 739
733 739 738
742 741 744
224 405 379
381 382 306
386 313 311
273 408 265
271 409 278
739 741 738
695 696 744
776 775 777
772 774 767
767 774 871
850 848 857
857 848 852
866 858 859
851 852 868
828 850 775
775 850 857
875 874 876
377 398 324
324 398 389
142 327 141
197 219 215
215 219 218
684 220 882
702 219 758
320 198 754
160 137 341
157 159 222
337 320 754
136 496 142
198 320 376
496 136 341
690 472 689
222 159 220
220 159 221
885 353 726
755 203 753
882 220 218
198 376 756
756 376 758
204 737 752
193 329 746
677 673 674
15 39 677
15 38 39
3 38 15
3 87 27
121 123 888
888 123 887
889 886 888
888 887 889
125 83 84
125 127 83
118 126 127
129 124 118
118 124 126
341 137 150
140 341 150
464 317 151
138 222 152
152 222 151
139 149 153
491 171 172
731 685 730
327 142 328
470 471 475
362 153 687
339 340 168
317 370 152
492 692 473
473 692 474
706 163 708
708 163 707
495 496 140
140 496 341
139 718 140
352 353 685
725 150 726
149 725 370
370 687 149
340 360 686
464 883 317
687 369 686
369 368 686
705 708 373
705 162 476
476 717 708
473 474 175
138 152 726
162 470 475
692 484 474
474 484 475
885 137 353
140 150 139
150 725 139
885 726 150
465 216 893
216 465 756
731 730 890
731 890 732
878 724 884
715 895 724
203 755 1083
216 350 893
924 896 916
922 896 924
897 922 961
961 922 921
967 900 898
904 903 910
910 911 905
1537 913 1538
912 1539 915
914 915 1540
923 922 924
918 903 961
917 903 918
977 919 981
981 919 918
928 923 924
926 927 925
928 924 926
926 924 927
928 929 923
928 930 929
977 931 919
932 930 933
984 963 983
983 963 934
983 934 982
986 957 938
896 950 912
929 935 923
936 937 969
939 941 942
1010 943 1220
986 938 937
986 937 936
939 942 944
939 969 941
947 948 946
949 908 962
903 904 949
949 904 908
961 903 949
950 922 897
925 927 951
951 927 106
933 952 932
954 955 953
953 955 956
942 941 959
959 941 958
916 947 960
916 927 924
935 922 923
961 921 918
918 921 981
926 930 928
925 933 926
926 933 930
951 933 925
963 929 965
932 964 930
930 964 965
930 965 929
964 932 966
966 932 952
908 968 898
919 931 917
917 931 971
1214 920 931
940 969 939
938 941 937
941 938 958
973 972 105
77 900 973
902 77 76
971 943 974
916 896 947
946 762 960
915 948 912
949 962 961
912 948 896
915 97 948
912 1541 1536
897 962 913
936 977 986
986 977 1002
935 979 980
980 979 991
934 963 965
934 965 953
953 965 964
966 954 964
964 954 953
89 88 954
954 88 955
956 985 982
955 985 956
982 957 986
985 957 982
985 987 957
981 980 991
908 899 962
903 917 910
913 899 945
971 974 910
910 974 911
76 97 902
99 98 951
951 98 933
101 100 952
952 100 966
77 902 900
900 902 901
899 901 902
71 968 906
914 1540 945
948 947 896
982 934 956
956 934 953
987 970 957
938 957 970
110 959 958
989 942 959
927 916 106
106 916 960
946 960 947
914 899 97
97 899 902
899 908 898
1536 1539 912
899 913 962
919 917 918
1214 990 920
937 941 969
920 971 931
106 99 951
986 983 982
986 984 983
100 89 966
966 89 954
974 943 1010
989 944 942
897 961 962
980 921 922
914 97 915
985 109 987
987 109 107
906 975 907
907 975 909
909 975 904
970 110 938
938 110 958
898 900 901
899 898 901
77 973 105
973 900 967
1537 1541 913
913 1541 897
899 914 945
921 980 981
1541 950 897
1540 915 1539
945 1538 913
987 107 970
1009 1330 1723
992 993 1723
979 993 992
993 979 994
979 995 994
994 995 996
996 995 997
997 998 996
999 998 997
996 1000 994
979 978 995
994 1000 1009
979 992 991
1330 1329 1723
1001 1012 1006
981 988 977
977 988 976
981 1001 988
998 999 1005
1004 997 978
978 997 995
1002 999 997
1002 997 1004
1008 998 1005
1005 988 1001
1006 1008 1005
1006 1005 1001
1006 1007 1008
1329 1011 1008
1008 1000 998
1011 1000 1008
1009 1723 993
1009 1000 1011
1000 996 998
1001 981 1012
1012 981 991
1007 1329 1008
1006 1012 1007
1036 1031 1027
1574 1362 1025
1025 1362 1017
1328 1255 1546
1307 1243 1308
1308 1243 1542
1258 1033 1257
1257 1033 1034
1349 1024 1575
1026 1027 1031
1102 1028 1544
1031 1029 1026
1210 1216 1215
1035 1036 1037
1037 1036 1038
1100 1015 1016
1242 1220 1014
1014 1220 1013
1548 1017 1032
1030 1028 1074
1033 1258 1058
1058 1258 1259
1056 1057 1564
884 1572 1088
1044 1566 1336
1062 1052 1066
1066 1052 1018
1047 720 1547
1048 1564 1049
1050 1547 894
1199 1018 1052
1352 1055 1041
1308 1542 1235
1054 1055 1053
1060 1190 1059
1059 1190 1191
1063 1064 1065
1066 1014 1067
1064 1063 1069
1069 1063 1068
1058 1332 1033
1033 1332 1556
1587 1197 1586
1070 1197 1085
193 1201 1071
1033 1556 1034
1195 1196 1091
1091 1196 1112
1094 1075 1605
1266 1077 1076
1078 1079 1070
1070 1079 1197
1091 1080 1195
1092 1601 1081
1083 1245 1082
1082 1245 1246
1554 1059 1545
1555 1545 1086
1194 1172 1106
1075 1094 1095
1075 1096 1074
1074 1096 1097
1099 1096 1098
1038 1027 1099
1068 1076 1069
1267 1101 1228
1196 1104 1112
1109 1106 1107
1173 1131 1107
1114 1108 1091
1118 1110 1101
1091 1112 1114
1113 1108 1128
1128 1108 1114
1128 1114 1127
1115 1181 1111
1248 1183 1116
1116 1183 1182
1130 1117 1118
1148 1120 1135
1140 1119 1147
1147 1119 1120
1142 1122 1141
1141 1122 1121
1143 1123 1142
1142 1123 1122
1123 1143 1137
1125 1124 1145
1111 1133 1129
1134 1117 1130
1137 1132 1113
1133 1121 1122
1121 1181 1119
1120 1134 1135
1124 1125 1131
1138 1136 1137
1719 1126 1718
1718 1126 1136
1147 1139 1140
1720 1138 1144
1144 1138 1137
1159 1147 1148
1151 1143 1142
1143 1151 1144
1144 1151 1150
1146 1153 1145
1145 1153 1154
1148 1160 1159
1159 1160 1165
1150 1151 1152
1152 1151 1163
1186 1150 1152
1158 1157 1164
1164 1157 1606
1166 1170 1165
1161 1162 1611
1611 1162 1612
1152 1163 1167
1167 1614 1168
1168 1614 1666
1606 1616 1164
1251 1171 1610
1163 1611 1613
1163 1613 1167
1167 1613 1614
1131 1174 1124
1157 1178 1606
321 1261 1213
1123 1127 1122
1122 1127 1129
1119 1182 1120
1120 1182 1183
1107 1131 1125
1184 1189 1185
1137 1143 1144
1141 1149 1142
1146 1145 1124
1175 1146 1174
1174 1146 1124
1186 1718 1150
1140 1188 1141
1141 1188 1253
1250 1188 1139
1328 1192 1240
1020 1328 1240
1335 1093 1212
202 1083 1082
1050 1193 1547
1088 878 884
189 719 989
989 719 1219
189 989 959
1197 1073 1586
1047 1547 1343
1086 1193 1579
1343 1087 1344
1202 1203 1035
1365 1238 1204
1204 1238 1205
1206 1583 1104
1104 1583 1072
1058 1060 1332
1190 1060 1259
1259 1060 1058
1049 1046 1048
1041 1209 1210
1245 1083 1211
1211 1083 1212
1135 1134 1130
1055 1352 1051
1362 1032 1017
1100 1242 1015
1218 1015 1242
343 1219 719
1015 1218 1019
1019 1218 1018
1014 1013 1067
1298 1235 1236
944 1221 939
939 1221 940
1236 1309 1298
1361 1019 1198
1137 1128 1123
732 1226 319
1094 1222 1095
1335 754 198
1224 1223 1024
1548 1232 1225
1035 1203 1227
1027 1026 1029
1213 322 321
1109 1261 1106
1106 1261 1194
1228 355 1229
1172 1194 1230
1230 1194 1262
1189 1172 1230
1172 1189 1173
1174 1173 1184
1184 1173 1189
1184 1126 1174
1126 1175 1174
1175 1187 1176
1176 1186 1177
1168 1178 1177
1178 1168 1664
1543 1276 1310
1310 1276 1318
1051 1325 1053
1296 1053 1577
1296 1054 1053
1304 1204 1205
1275 1552 1319
1297 1231 1237
1297 1237 1307
1307 1237 1243
1224 1024 1236
1232 1233 1234
1224 1236 1235
1054 1238 1055
1353 1223 1243
1239 1215 1045
1029 1031 1192
1192 1031 1240
1581 1020 1240
1223 1542 1243
1365 1041 1238
1344 1553 1345
1028 1560 1074
1265 1093 1335
1213 1247 1267
1267 1247 1101
1102 1544 1034
1034 1544 1257
1247 1269 1101
1101 1269 1118
1116 1089 1248
1115 1073 1116
1116 1073 1089
1248 1117 1183
1132 1185 1249
1185 1126 1184
1120 1148 1147
1117 1134 1183
1147 1159 1139
1250 1159 1165
1251 1250 1171
1251 1252 1188
1188 1252 1253
1169 1171 1165
1252 1251 1618
1611 1163 1161
1168 1666 1664
1078 390 1228
1228 390 355
1093 1601 1211
1211 1212 1093
1127 1123 1128
1129 1133 1122
1183 1134 1120
1173 1174 1131
1722 1028 1255
1256 1258 1257
1335 1212 754
1262 1179 1180
1180 1601 1262
1254 1080 1721
1721 1080 1081
1104 1196 1206
1244 1543 1354
1354 1543 1263
1053 1055 1051
1223 1224 1542
1233 1243 1237
1309 1543 1310
1354 1263 1236
355 1267 1229
1211 1268 1245
1269 1270 1118
1118 1270 1130
1135 1130 1271
1271 1130 1270
1271 1272 1135
1135 1272 1148
1272 1273 1148
1273 1274 1160
1166 1274 1170
1229 1267 1228
1363 1019 1361
1353 1243 1233
1070 737 390
1090 1089 1079
1079 1089 1197
1194 1179 1262
1277 1234 1233
1366 1372 1313
1284 1282 1372
1286 1305 1283
1283 1305 1314
1374 1286 1280
1280 1286 1283
1417 1376 1281
1375 1288 1287
1284 1372 1366
1293 1289 1311
1301 1285 1300
1300 1285 1322
1281 1290 1320
1299 1366 1303
1366 1299 1291
1324 1289 1293
1300 1231 1297
1298 1299 1303
1295 1294 1577
1298 1309 1299
1310 1299 1309
1054 1323 1306
1320 1325 1300
1317 1298 1303
1318 1315 1292
1275 1319 1315
1235 1298 1317
1315 1318 1275
1364 1304 1205
1293 1311 1287
1296 1294 1323
1324 1293 1304
1295 1577 1320
1326 1282 1288
1289 1312 1311
1054 1296 1323
1364 1306 1323
1308 1302 1307
1307 1302 1327
1308 1317 1302
1235 1317 1308
1417 1281 1321
1327 1297 1307
1327 1305 1301
1103 1241 1021
1239 1225 1215
1215 1234 1210
1277 1231 1051
1051 1231 1325
1020 1239 1241
1241 1103 1020
1020 1103 1328
963 984 978
994 1009 993
940 1221 1214
976 988 1003
988 1005 1003
931 940 1214
969 940 931
977 969 931
936 969 977
1330 1009 1011
990 1214 1013
1013 1214 1067
1214 1221 1067
1067 1221 1066
1221 944 1066
1066 944 1062
1061 944 989
1070 390 1078
722 1331 1600
975 906 968
1588 1585 1591
1591 1585 1333
1556 1332 1064
1556 1064 1334
1069 1076 1334
1077 1560 1076
1265 1604 1077
198 761 1335
990 1013 1220
943 990 1220
990 943 920
943 971 920
910 917 971
905 904 910
905 909 904
972 967 968
967 972 973
1339 1340 1356
1576 1342 1354
1061 1062 944
1039 1346 1565
1563 1039 1040
1353 1362 1264
1576 1354 1575
1575 1354 1349
1236 1024 1349
1350 1198 1351
1045 1215 1216
1048 1209 1355
1209 1041 1355
1225 1232 1234
1216 1210 1209
1216 1209 1048
1574 1361 1350
1350 1361 1198
1223 1264 1024
1234 1215 1225
1342 1244 1354
1264 1223 1353
1349 1354 1236
1570 1347 1365
1040 1355 1563
1574 1217 1361
1032 1362 1232
1362 1353 1232
1232 1353 1233
1363 1217 1015
1217 1363 1361
1352 1210 1234
1210 1352 1041
1238 1306 1205
1205 1306 1364
968 967 898
975 908 904
907 909 891
968 908 975
1319 1304 1316
1319 1316 1315
1315 1316 1292
1304 1293 1316
1323 1324 1364
1287 1316 1293
1288 1292 1287
1287 1292 1316
1288 1282 1292
1291 1284 1366
1279 1303 1366
1283 1314 1279
1279 1314 1303
1281 1320 1322
1295 1290 1294
1294 1290 1324
1368 1409 1280
1373 1405 1278
1278 1405 1406
1437 1371 1408
1408 1371 1370
1278 1406 1321
1321 1406 1407
1374 1405 1373
1440 1372 1367
1367 1372 1326
1367 1326 1288
1312 1416 1311
1311 1416 1370
1312 1376 1416
1311 1370 1371
1403 1389 1410
1410 1389 1444
1379 1394 1404
1378 1379 1377
1381 1382 1383
1382 1433 1425
1401 1384 1385
1402 1386 1387
1389 1387 1388
1389 1388 1445
1389 1445 1444
1407 1386 1390
1422 1394 1423
1399 1446 1445
1445 1388 1399
1422 1415 1395
1454 1394 1395
1447 1400 1508
1387 1386 1406
1386 1407 1406
1408 1391 1398
1368 1399 1409
1409 1399 1388
1522 1411 1410
1410 1411 1412
1448 1424 1378
1378 1424 1379
1393 1458 1448
1431 1447 1508
1416 1417 1392
1424 1423 1379
1379 1423 1394
1419 1429 1418
1425 1456 1457
1432 1398 1431
1449 1426 1427
1427 1426 1383
1395 1535 1454
1395 1396 1535
1453 1381 1428
1383 1414 1381
1432 1425 1398
1452 1382 1457
1457 1382 1425
1425 1433 1398
1398 1437 1408
1434 1382 1381
1382 1451 1383
1465 1426 1421
1413 1438 1415
1381 1453 1434
1414 1439 1428
1368 1440 1399
1428 1439 1441
1459 1464 1420
1420 1464 1467
1403 1410 1404
1404 1410 1412
1367 1453 1428
1409 1405 1369
1391 1408 1416
1434 1375 1437
1434 1453 1375
1367 1428 1440
1396 1442 1397
1397 1442 1443
1444 1522 1410
1454 1386 1402
1391 1447 1431
1435 1393 1414
1449 1450 1426
1377 1412 1411
1426 1450 1421
1421 1450 1413
1405 1409 1406
1416 1392 1391
1396 1395 1415
1443 1442 1452
1456 1425 1432
1420 1467 1468
1436 1426 1466
1466 1426 1465
1420 1468 1421
1450 1449 1413
1413 1449 1438
1378 1380 1448
1448 1380 1393
1381 1414 1428
1435 1436 1466
1393 1380 1414
1417 1447 1392
1392 1447 1391
1321 1407 1417
1399 1441 1446
1417 1390 1447
1384 1401 1441
1441 1401 1455
1418 1456 1419
1413 1415 1422
1383 1426 1414
1424 1448 1458
1387 1406 1409
1402 1387 1389
1441 1455 1446
1439 1414 1380
1430 1429 1419
1407 1390 1417
1387 1409 1388
1435 1466 1462
1435 1462 1393
1393 1462 1460
1458 1393 1460
1462 1461 1460
1463 1460 1461
1463 1464 1459
1460 1463 1458
1458 1463 1459
1463 1461 1462
1465 1421 1468
1469 1465 1468
1468 1467 1469
1466 1465 1469
1466 1469 1462
1464 1463 1467
1469 1467 1463
1469 1463 1462
1413 1420 1421
1422 1423 1420
1420 1423 1459
1423 1424 1459
1459 1424 1458
1422 1420 1413
1414 1426 1435
1435 1426 1436
1473 1471 1427
1477 1449 1471
1476 1475 1442
1483 1476 1486
1472 1473 1451
1451 1473 1427
1477 1470 1449
1473 1479 1471
1471 1479 1478
1470 1485 1474
1475 1476 1484
1484 1476 1483
1476 1474 1486
1472 1475 1482
1482 1475 1484
1471 1478 1477
1451 1452 1475
1479 1473 1482
1482 1473 1472
1478 1479 1482
1478 1482 1481
1477 1478 1480
1478 1481 1480
1480 1470 1477
1482 1484 1481
1470 1480 1485
1487 1486 1474
1474 1485 1487
1486 1487 1480
1486 1480 1481
1486 1481 1484
1484 1483 1486
1485 1480 1487
1427 1471 1449
1396 1474 1442
1442 1474 1476
1415 1438 1470
1438 1449 1470
1442 1475 1452
1415 1470 1396
1396 1470 1474
1451 1475 1472
1383 1451 1427
1451 1382 1452
1491 1443 1490
1490 1443 1452
1495 1494 1429
1501 1495 1493
1492 1488 1503
1491 1498 1488
1490 1452 1489
1489 1452 1457
1495 1429 1493
1490 1496 1491
1492 1503 1502
1494 1495 1500
1492 1502 1493
1493 1502 1501
1489 1494 1499
1499 1494 1500
1491 1496 1498
1494 1457 1418
1496 1490 1499
1499 1490 1489
1499 1497 1496
1497 1498 1496
1488 1498 1503
1495 1501 1500
1501 1502 1503
1501 1503 1497
1501 1497 1499
1499 1500 1501
1498 1497 1503
1429 1492 1493
1492 1397 1488
1397 1443 1488
1488 1443 1491
1418 1429 1494
1429 1397 1492
1457 1494 1489
1505 1507 1456
1510 1430 1511
1513 1512 1431
1515 1511 1507
1504 1511 1515
1513 1509 1519
1505 1456 1506
1506 1456 1432
1509 1513 1508
1508 1513 1431
1505 1514 1507
1507 1514 1515
1509 1504 1520
1509 1520 1519
1506 1512 1517
1514 1505 1517
1517 1505 1506
1519 1512 1513
1518 1517 1512
1516 1515 1514
1514 1517 1516
1518 1512 1519
1521 1519 1520
1521 1516 1518
1518 1516 1517
1521 1518 1519
1520 1504 1515
1521 1520 1516
1516 1520 1515
1507 1419 1456
1504 1510 1511
1508 1510 1509
1509 1510 1504
1432 1431 1506
1506 1431 1512
1507 1511 1419
1419 1511 1430
1444 1445 1526
1385 1411 1532
1525 1446 1455
1444 1526 1522
1525 1445 1446
1455 1531 1525
1445 1525 1523
1445 1523 1526
1455 1401 1531
1401 1385 1533
1530 1531 1401
1523 1525 1524
1524 1527 1523
1528 1526 1523
1523 1527 1528
1527 1529 1528
1526 1528 1522
1524 1525 1531
1528 1532 1411
1411 1522 1528
1532 1533 1385
1401 1533 1530
1534 1533 1532
1532 1529 1534
1533 1534 1530
1527 1534 1529
1534 1527 1531
1531 1527 1524
1531 1530 1534
1532 1528 1529
1382 1434 1433
1397 1429 1430
1510 1508 1400
1400 1535 1510
1456 1418 1457
1510 1396 1430
1430 1396 1397
1535 1396 1510
1402 1403 1454
1454 1403 1404
1395 1394 1422
1384 1377 1385
1385 1377 1411
1380 1378 1384
1384 1378 1377
1380 1384 1439
1384 1441 1439
1379 1404 1412
1404 1394 1454
1454 1535 1386
1535 1400 1386
1386 1400 1390
1402 1389 1403
1440 1441 1399
1440 1428 1441
1400 1447 1390
1391 1431 1398
1433 1437 1398
1433 1434 1437
1379 1412 1377
945 1540 1538
1538 1540 1539
1536 1537 1539
1539 1537 1538
765 1242 730
1541 1537 1536
1004 978 984
986 1004 984
986 1002 1004
1306 1238 1054
1309 1236 1263
1053 1325 1577
1231 1277 1237
1263 1543 1309
1276 1275 1318
1319 1552 1304
1304 1552 1204
1237 1277 1233
1238 1041 1055
1224 1235 1542
1098 1096 1095
1207 1190 1259
1255 1028 1030
1258 1256 1207
1086 1545 1260
1050 1578 1579
1056 1191 1057
1057 1191 1190
1103 1257 1544
1193 1343 1547
1057 1190 1207
1016 1227 1100
1100 1227 1203
1016 1023 1227
1020 1581 1548
1037 1202 1035
1038 1226 1037
1284 1291 1282
1282 1291 1292
1290 1295 1320
1285 1301 1286
1286 1301 1305
1322 1320 1300
1282 1326 1372
1286 1373 1285
1285 1373 1278
1286 1374 1373
1312 1289 1324
1285 1278 1322
1322 1278 1321
1283 1279 1280
1312 1324 1290
1322 1321 1281
1376 1290 1281
1376 1312 1290
1313 1279 1366
1287 1311 1375
1372 1440 1313
1313 1440 1368
1288 1375 1367
1371 1375 1311
1313 1368 1279
1279 1368 1280
1405 1374 1369
1369 1374 1280
1416 1376 1417
1370 1416 1408
1367 1375 1453
1369 1280 1409
1371 1437 1375
1018 1014 1066
343 1043 1219
1218 1242 1014
1218 1014 1018
1061 1337 1549
1022 1256 1021
1021 1256 1257
1021 1257 1103
1222 1226 1098
1098 1226 1038
1208 1057 1207
1208 1207 1022
1022 1207 1256
1722 1328 1103
1029 1546 1099
878 1043 343
1336 1200 1337
1337 1200 1549
1200 1359 1340
1359 1348 1550
1348 1357 1342
1342 1357 1244
1357 1551 1244
1244 1551 1543
1551 1276 1543
1347 1355 1041
1355 1040 1048
1040 1565 1048
1565 1553 1564
1564 1553 1056
1056 1553 1087
1087 1260 1056
1056 1260 1191
1260 1545 1191
1191 1545 1059
1059 1591 1060
1060 1591 1333
1334 1034 1556
1059 1554 1591
1034 1334 1102
1102 1334 1558
1075 1559 1605
1060 1333 1332
1047 1343 1568
1573 1039 1563
1347 1571 1355
1360 1358 1573
1572 884 724
1225 1239 1548
1045 1022 1239
1045 1046 1022
1345 1565 1346
1573 1566 1562
1566 1044 1562
1562 1044 1561
1337 1042 1336
1042 1337 1338
1046 1208 1022
1049 1057 1046
1046 1057 1208
1049 1564 1057
1344 1561 1343
1343 1561 1568
1044 1568 1561
1338 1337 1061
1571 1570 1552
1569 1571 1552
1276 1551 1569
1347 1570 1571
1365 1204 1570
1360 1571 1569
1572 1047 1568
1345 1562 1344
1344 1562 1561
1573 1346 1039
1355 1571 1563
1360 1573 1571
1571 1573 1563
1574 1264 1362
1350 1024 1574
1574 1024 1264
1350 1575 1024
1550 1342 1576
1342 1550 1348
1351 1575 1350
1356 1576 1351
1351 1576 1575
1356 1550 1576
1052 1549 1339
1061 1549 1052
1062 1061 1052
1338 1061 989
989 1219 1338
1297 1301 1300
1300 1325 1231
1317 1303 1302
1292 1310 1318
1301 1297 1327
1325 1320 1577
1302 1314 1305
1294 1296 1577
1305 1327 1302
1291 1299 1310
1302 1303 1314
1323 1294 1324
1291 1310 1292
1364 1324 1304
1568 1044 1567
1572 1568 1088
1088 1568 1567
720 1047 895
894 1578 1050
720 894 1547
724 895 1572
1572 895 1047
1035 1227 1582
1582 1031 1036
1277 1352 1234
1352 1277 1051
891 906 907
498 905 102
728 974 1010
729 974 728
765 1220 1242
1037 890 1202
1202 890 1203
1203 890 1100
1100 730 1242
1220 764 1010
1010 764 728
909 498 891
1037 1226 732
1584 1583 1206
1592 1085 1587
1585 1063 1065
1586 1589 1587
1587 1589 1592
1584 1590 1583
1600 1331 1071
1084 1070 1085
1084 737 1070
1593 1594 1596
1596 1594 1597
1554 1597 1595
1588 1595 1598
1085 1197 1587
1593 1201 1599
1201 746 1599
1201 1593 1071
1071 1593 1596
1600 1086 722
722 1086 1579
1081 1105 1092
1092 1185 1189
1173 1107 1106
1108 1080 1091
1105 1108 1249
1110 1228 1101
1110 1118 1117
1111 1104 1072
1104 1111 1129
1112 1127 1114
1106 1172 1173
1248 1089 1090
1104 1129 1112
1112 1129 1127
1248 1090 1110
1110 1090 1228
1110 1117 1248
1158 1154 1157
1157 1154 1153
1160 1166 1165
1162 1161 1156
1156 1161 1155
1186 1152 1168
1157 1153 1177
1177 1153 1176
1177 1186 1168
1171 1250 1165
1250 1251 1188
1161 1163 1155
1155 1163 1151
1160 1274 1166
1155 1142 1156
1156 1142 1149
1176 1153 1175
1175 1153 1146
1186 1187 1718
1142 1155 1151
1140 1139 1188
1176 1187 1186
1139 1159 1250
1154 1273 1145
1167 1168 1152
1165 1170 1169
1178 1157 1177
1162 1618 1612
1274 1164 1170
1068 1063 1196
1196 1063 1206
1211 1601 1268
1268 1180 1245
1063 1585 1206
1206 1585 1584
1584 1585 1588
1598 1584 1588
1599 1602 1593
1593 1602 1592
1599 746 1602
1602 746 752
1083 1603 1212
1228 1090 1078
1078 1090 1079
1579 1193 1050
1095 1222 1098
1259 1258 1207
1071 1331 192
1332 1333 1065
1065 1333 1585
1065 1064 1332
1069 1334 1064
1076 1558 1334
1076 1560 1558
1077 1604 1560
1335 1605 1604
1591 1554 1588
1588 1554 1595
1596 1597 1600
1600 1597 1555
1071 1596 1600
498 909 905
762 106 960
110 763 959
88 109 955
955 109 985
98 101 933
933 101 952
97 946 948
729 727 974
974 727 911
102 905 727
727 905 911
763 189 959
765 764 1220
1267 322 1213
1607 1608 1606
1606 1608 1616
1169 1170 1617
1615 1607 1606
1608 1607 1709
1617 1616 1608
1610 1609 1619
1612 1618 1669
1669 1618 1619
1611 1612 1669
1613 1611 1717
1607 1615 1620
1657 1621 1622
1624 1625 1623
1626 1627 1628
1629 1630 1631
1660 1633 1632
1634 1625 1648
1624 1651 1635
1624 1650 1651
1636 1634 1652
1637 1653 1656
1653 1655 1656
1656 1655 1649
1626 1628 1652
1657 1640 1639
1639 1640 1654
1640 1657 1658
1642 1660 1646
1632 1643 1660
1660 1643 1646
1632 1633 1659
1659 1633 1644
1633 1645 1644
1679 1629 1663
1663 1629 1662
1662 1646 1663
1631 1647 1661
1631 1630 1647
1634 1648 1649
1680 1648 1635
1650 1624 1623
1636 1623 1634
1634 1623 1625
1653 1637 1627
1637 1654 1638
1638 1654 1640
1638 1628 1627
1638 1640 1628
1628 1640 1650
1643 1622 1656
1656 1622 1621
1656 1621 1654
1644 1640 1658
1641 1659 1658
1658 1659 1644
1642 1661 1645
1645 1661 1647
1647 1644 1645
1679 1682 1630
1682 1647 1630
1622 1658 1657
1655 1653 1626
1626 1653 1627
1662 1629 1631
1635 1648 1625
1652 1650 1636
1626 1652 1655
1655 1652 1649
1654 1621 1639
1643 1632 1659
1630 1629 1679
1646 1662 1661
1635 1625 1624
1635 1651 1680
1650 1623 1636
1649 1652 1634
1638 1627 1637
1656 1654 1637
1652 1628 1650
1657 1639 1621
1641 1658 1622
1643 1659 1622
1622 1659 1641
1633 1660 1645
1645 1660 1642
1646 1661 1642
1661 1662 1631
1615 1664 1665
1614 1667 1666
1666 1667 1668
1616 1617 1170
1610 1171 1609
1606 1178 1615
1171 1169 1609
1609 1169 1617
1178 1664 1615
1668 1665 1666
1666 1665 1664
1665 1620 1615
1669 1689 1611
1669 1619 1690
1609 1670 1619
1671 1620 1665
1672 1671 1668
1668 1671 1665
1672 1668 1673
1673 1668 1667
1613 1717 1667
1667 1614 1613
1675 1676 1674
1678 1663 1677
1686 1663 1678
1686 1679 1663
1680 1675 1674
1681 1680 1651
1684 1683 1681
1672 1677 1685
1685 1677 1676
1678 1677 1672
1687 1686 1717
1687 1679 1686
1717 1689 1687
1689 1690 1687
1687 1690 1688
1691 1693 1694
1696 1694 1695
1695 1694 1693
1691 1692 1670
1670 1693 1691
1697 1698 1695
1696 1695 1698
1675 1685 1676
1700 1675 1680
1678 1673 1686
1686 1673 1717
1678 1672 1673
1671 1672 1685
1675 1699 1685
1685 1699 1671
1700 1699 1675
1700 1702 1699
1681 1700 1680
1710 1700 1681
1701 1700 1710
1703 1702 1700
1697 1702 1703
1682 1679 1704
1704 1679 1687
1704 1687 1688
1705 1704 1688
1692 1705 1688
1706 1705 1694
1694 1705 1691
1696 1706 1694
1707 1706 1698
1698 1706 1696
1703 1707 1698
1707 1703 1701
1701 1703 1700
1620 1671 1699
1708 1620 1702
1702 1620 1699
1709 1708 1697
1697 1708 1702
1617 1697 1695
1617 1695 1670
1670 1695 1693
1689 1669 1690
1683 1710 1681
1712 1683 1684
1711 1712 1684
1682 1711 1684
1711 1682 1704
1710 1683 1712
1713 1712 1711
1701 1710 1712
1714 1713 1711
1711 1704 1714
1714 1704 1705
1716 1713 1714
1713 1716 1712
1716 1707 1712
1712 1707 1701
1714 1705 1715
1715 1705 1706
1707 1715 1706
1707 1716 1715
1681 1651 1640
1640 1651 1650
1684 1681 1644
1644 1681 1640
1647 1684 1644
1682 1684 1647
1643 1677 1646
1646 1677 1663
1656 1677 1643
1676 1677 1649
1649 1677 1656
1674 1676 1648
1648 1676 1649
1680 1674 1648
1617 1608 1697
1609 1617 1670
1709 1607 1708
1607 1620 1708
1611 1689 1717
1667 1717 1673
1719 1718 1187
1718 1720 1150
1030 1074 1097
1557 1074 1560
1601 1092 1262
1262 1092 1230
1230 1092 1189
1126 1719 1175
1126 1185 1136
1136 1185 1132
1601 1093 1721
1721 1093 1265
1081 1601 1721
1604 1265 1335
1546 1255 1097
1185 1092 1249
1249 1092 1105
1604 1557 1560
1255 1030 1097
1077 1266 1265
1108 1113 1249
1137 1113 1128
1138 1720 1136
1136 1720 1718
1132 1137 1136
1560 1028 1102
1249 1113 1132
1266 1254 1721
1028 1722 1544
1195 1080 1254
1558 1560 1102
1080 1108 1081
1081 1108 1105
1265 1266 1721
1720 1144 1150
1175 1719 1187
1255 1328 1722
1544 1722 1103
1196 1195 1068
1068 1195 1076
1076 1195 1266
1266 1195 1254
1590 1584 1598
1589 1594 1592
1592 1594 1593
1245 1194 1246
1246 1194 1261
1268 1601 1180
1180 1179 1245
1245 1179 1194
1602 1085 1592
1602 1084 1085
1602 752 1084
1042 1043 1567
1567 1043 1088
1073 1197 1089
1555 1086 1600
1181 1115 1182
1182 1115 1116
1141 1121 1140
1140 1121 1119
1181 1121 1133
1618 1251 1610
1261 321 1246
1246 321 1082
1119 1181 1182
1141 1253 1149
1149 1253 1156
321 303 1082
1082 303 202
878 1088 1043
1073 1072 1586
1586 1072 1583
1344 1087 1553
1109 1213 1261
1551 1357 1569
1569 1357 1360
1247 1213 1109
1269 1247 1107
1107 1247 1109
1073 1115 1111
1111 1181 1133
1252 1162 1253
1253 1162 1156
1618 1162 1252
1260 1087 1193
1040 1039 1565
1270 1269 1107
1271 1270 1125
1125 1270 1107
1272 1271 1145
1145 1271 1125
1145 1273 1272
1274 1273 1158
1158 1273 1154
1341 1359 1200
1347 1041 1365
1357 1348 1360
1360 1348 1358
1086 1260 1193
1193 1087 1343
1545 1555 1554
1553 1565 1345
1336 1042 1044
1044 1042 1567
1552 1570 1204
1569 1552 1276
1276 1552 1275
1348 1359 1358
1589 1586 1590
1590 1586 1583
1594 1598 1595
1594 1595 1597
1072 1073 1111
1148 1273 1160
1164 1274 1158
1597 1554 1555
1618 1610 1619
1616 1170 1164
1690 1619 1670
1692 1688 1670
1670 1688 1690
1697 1703 1698
1705 1692 1691
1714 1715 1716
1709 1697 1608
1594 1589 1598
1598 1589 1590
1018 1199 1019
1096 1075 1095
1096 1099 1097
1097 1099 1546
1027 1029 1099
1559 1075 1557
1557 1075 1074
1217 1016 1015
1036 1027 1038
1019 1363 1015
1038 1099 1098
1338 1219 1042
1042 1219 1043
1023 1582 1227
1582 1036 1035
1212 1603 754
1083 755 1603
1605 1559 1604
1604 1559 1557
1605 1335 761
752 737 1084
746 1201 193
912 950 1541
896 922 950
980 922 935
929 978 935
935 978 979
978 929 963
1330 1011 1329
1007 1723 1329
1012 1723 1007
1723 1012 992
992 1012 991
977 976 1002
976 1003 1002
1002 1003 999
1003 1005 999
1023 1016 1025
1025 1016 1217
1025 1217 1574
1029 1192 1328
1566 1573 1336
1336 1573 1341
1046 1045 1216
1198 1019 1199
1341 1200 1336
1046 1216 1048
1548 1032 1232
1546 1029 1328
1340 1550 1356
1341 1573 1358
1341 1358 1359
1339 1199 1052
1351 1198 1199
1351 1199 1356
1356 1199 1339
1582 1025 1580
1581 1017 1548
1548 1239 1020
1549 1200 1340
1340 1359 1550
1564 1048 1565
1239 1021 1241
1239 1022 1021
1345 1346 1562
1562 1346 1573
1549 1340 1339
1580 1581 1582
1581 1240 1582
1582 1240 1031
890 730 1100
1580 1025 1017
1017 1581 1580
1025 1582 1023
723 892 1578
1578 892 1579
892 722 1579
756 465 1605
1605 465 1094
1578 894 723
465 893 1094
1037 732 890
761 756 1605
350 1222 893
893 1222 1094
192 193 1071
350 319 1222
1222 319 1226
