0 1 1
1 2 1
2 4 1
3 7 1
4 9 1
5 10 1
6 13 1
7 17 1
8 21 1
9 23 1
10 24 1
11 26 1
12 28 1
13 30 1
14 31 1
15 32 1
16 34 1
17 36 1
18 42 1
19 43 1
20 46 1
21 47 1
22 49 1
23 53 1
24 54 1
25 55 1
26 56 1
27 57 1
28 59 1
29 60 1
30 62 1
31 64 1
32 65 1
33 66 1
34 68 1
35 69 1
36 70 1
37 71 1
38 75 1
39 76 1
40 78 1
41 82 1
42 84 1
43 85 1
44 87 1
45 88 1
46 89 1
47 90 1
48 92 1
49 94 1
50 95 1
51 96 1
52 97 1
53 99 1
54 100 1
55 101 1
56 104 1
57 105 1
58 106 1
59 108 1
60 109 1
61 111 1
62 113 1
63 114 1
64 115 1
65 117 1
66 123 1
67 124 1
68 126 1
69 127 1
70 128 1
71 133 1
72 134 1
73 138 1
74 139 1
75 140 1
76 141 1
77 150 1
78 151 1
79 153 1
80 155 1
81 157 1
82 158 1
83 160 1
84 165 1
85 167 1
86 170 1
87 173 1
88 174 1
89 176 1
90 177 1
91 178 1
92 184 1
93 185 1
94 186 1
95 188 1
96 192 1
97 193 1
98 194 1
99 195 1
100 197 1
101 198 1
102 199 1
103 200 1
104 201 1
105 202 1
106 204 1
107 210 1
108 211 1
109 212 1
110 213 1
111 214 1
112 217 1
113 218 1
114 219 1
115 221 1
116 223 1
117 224 1
118 226 1
119 228 1
120 229 1
121 236 1
122 238 1
123 239 1
124 244 1
125 245 1
126 246 1
127 247 1
128 249 1
129 250 1
130 251 1
131 252 1
132 253 1
133 257 1
134 258 1
135 259 1
136 260 1
137 261 1
138 262 1
139 263 1
140 264 1
141 266 1
142 267 1
143 268 1
144 269 1
145 270 1
146 272 1
147 273 1
148 275 1
149 276 1
150 277 1
151 280 1
152 282 1
153 283 1
154 285 1
155 290 1
156 293 1
157 295 1
158 297 1
159 303 1
160 306 1
161 307 1
162 308 1
163 311 1
164 312 1
165 315 1
166 316 1
167 320 1
168 322 1
169 323 1
170 324 1
171 325 1
172 327 1
173 328 1
174 330 1
175 331 1
176 333 1
177 335 1
178 336 1
179 345 1
180 346 1
181 347 1
182 348 1
183 349 1
184 352 1
185 353 1
186 361 1
187 362 1
188 363 1
189 364 1
190 365 1
191 366 1
192 367 1
193 369 1
194 370 1
195 377 1
196 378 1
197 382 1
198 383 1
199 385 1
200 386 1
201 389 1
202 390 1
203 392 1
204 394 1
205 395 1
206 396 1
207 397 1
208 398 1
209 399 1
210 400 1
211 402 1
212 404 1
213 405 1
214 406 1
215 410 1
216 411 1
217 413 1
218 415 1
219 416 1
220 417 1
221 418 1
222 419 1
223 425 1
224 426 1
225 429 1
226 434 1
227 435 1
228 436 1
229 439 1
230 441 1
231 442 1
232 444 1
233 446 1
234 447 1
235 450 1
236 451 1
237 452 1
238 456 1
239 465 1
240 466 1
241 467 1
242 469 1
243 470 1
244 476 1
245 481 1
246 483 1
247 485 1
248 487 1
249 488 1
250 489 1
251 491 1
252 492 1
253 495 1
254 498 1
255 504 1
256 506 1
257 508 1
258 509 1
259 510 1
260 511 1
261 513 1
262 517 1
263 520 1
264 523 1
265 524 1
266 526 1
267 528 1
268 532 1
269 534 1
270 536 1
271 538 1
272 541 1
273 542 1
274 543 1
275 545 1
276 546 1
277 547 1
278 549 1
279 550 1
280 551 1
281 552 1
282 554 1
283 555 1
284 561 1
285 564 1
286 565 1
287 568 1
288 569 1
289 571 1
290 575 1
291 576 1
292 577 1
293 582 1
294 585 1
295 587 1
296 588 1
297 589 1
298 590 1
299 591 1
300 593 1
301 595 1
302 597 1
303 598 1
304 607 1
305 608 1
306 611 1
307 613 1
308 617 1
309 619 1
310 630 1
311 634 1
312 637 1
313 641 1
314 643 1
315 644 1
316 645 1
317 648 1
318 652 1
319 654 1
320 658 1
321 660 1
322 666 1
323 670 1
324 672 1
325 678 1
326 679 1
327 682 1
328 685 1
329 686 1
330 689 1
331 690 1
332 691 1
333 696 1
334 697 1
335 698 1
336 699 1
337 700 1
338 701 1
339 702 1
340 703 1
341 704 1
342 709 1
343 711 1
344 713 1
345 714 1
346 715 1
347 716 1
348 717 1
349 718 1
350 719 1
351 720 1
352 721 1
353 723 1
354 725 1
355 727 1
356 728 1
357 729 1
358 731 1
359 734 1
360 735 1
361 736 1
362 737 1
363 738 1
364 739 1
365 740 1
366 744 1
367 746 1
368 747 1
369 751 1
370 753 1
371 754 1
372 755 1
373 757 1
374 765 1
375 767 1
376 768 1
377 769 1
378 770 1
379 772 1
380 773 1
381 774 1
382 775 1
383 779 1
384 780 1
385 781 1
386 783 1
387 784 1
388 786 1
389 787 1
390 789 1
391 791 1
392 793 1
393 794 1
394 795 1
395 797 1
396 798 1
397 802 1
398 806 1
399 807 1
400 808 1
401 815 1
402 817 1
403 821 1
404 822 1
405 824 1
406 825 1
407 826 1
408 828 1
409 829 1
410 830 1
411 831 1
412 832 1
413 833 1
414 835 1
415 836 1
416 837 1
417 839 1
418 840 1
419 841 1
420 844 1
421 845 1
422 846 1
423 849 1
424 851 1
425 852 1
426 855 1
427 858 1
428 860 1
429 861 1
430 863 1
431 864 1
432 867 1
433 868 1
434 869 1
435 871 1
436 876 1
437 877 1
438 878 1
439 886 1
440 887 1
441 889 1
442 890 1
443 891 1
444 895 1
445 898 1
446 899 1
447 902 1
448 904 1
449 905 1
450 907 1
451 910 1
452 915 1
453 916 1
454 917 1
455 918 1
456 919 1
457 921 1
458 923 1
459 925 1
460 927 1
461 929 1
462 930 1
463 931 1
464 933 1
465 934 1
466 937 1
467 938 1
468 942 1
469 943 1
470 947 1
471 950 1
472 952 1
473 958 1
474 960 1
475 962 1
476 964 1
477 965 1
478 967 1
479 968 1
480 969 1
481 970 1
482 972 1
483 976 1
484 977 1
485 978 1
486 980 1
487 981 1
488 984 1
489 985 1
490 988 1
491 992 1
492 995 1
493 996 1
494 998 1
495 1001 1
496 1002 1
497 1003 1
498 1005 1
499 1007 1
500 1008 1
501 1011 1
502 1012 1
503 1013 1
504 1014 1
505 1017 1
506 1018 1
507 1020 1
508 1021 1
509 1024 1
510 1026 1
511 1027 1
512 1028 1
513 1030 1
514 1032 1
515 1034 1
516 1037 1
517 1038 1
518 1040 1
519 1041 1
520 1043 1
521 1045 1
522 1046 1
523 1047 1
524 1048 1
525 1049 1
526 1051 1
527 1054 1
528 1059 1
529 1063 1
530 1064 1
531 1066 1
532 1068 1
533 1070 1
534 1071 1
535 1072 1
536 1073 1
537 1074 1
538 1075 1
539 1077 1
540 1079 1
541 1080 1
542 1081 1
543 1082 1
544 1084 1
545 1085 1
546 1086 1
547 1087 1
548 1089 1
549 1090 1
550 1091 1
551 1092 1
552 1093 1
553 1094 1
554 1097 1
555 1100 1
556 1102 1
557 1106 1
558 1107 1
559 1108 1
560 1112 1
561 1116 1
562 1119 1
563 1120 1
564 1123 1
565 1124 1
566 1125 1
567 1126 1
568 1127 1
569 1128 1
570 1130 1
571 1133 1
572 1134 1
573 1135 1
574 1137 1
575 1139 1
576 1140 1
577 1141 1
578 1142 1
579 1143 1
580 1144 1
581 1145 1
582 1146 1
583 1149 1
584 1150 1
585 1151 1
586 1153 1
587 1154 1
588 1156 1
589 1157 1
590 1158 1
591 1159 1
592 1161 1
593 1162 1
594 1163 1
595 1164 1
596 1167 1
597 1169 1
598 1170 1
599 1172 1
600 1175 1
601 1176 1
602 1181 1
603 1183 1
604 1184 1
605 1185 1
606 1187 1
607 1190 1
608 1194 1
609 1195 1
610 1196 1
611 1197 1
612 1200 1
613 1201 1
614 1204 1
615 1205 1
616 1208 1
617 1210 1
618 1220 1
619 1222 1
620 1223 1
621 1226 1
622 1227 1
623 1231 1
624 1233 1
625 1235 1
626 1236 1
627 1237 1
628 1238 1
629 1241 1
630 1242 1
631 1244 1
632 1248 1
633 1250 1
634 1252 1
635 1256 1
636 1257 1
637 1258 1
638 1259 1
639 1261 1
640 1262 1
641 1265 1
642 1266 1
643 1269 1
644 1271 1
645 1273 1
646 1275 1
647 1276 1
648 1277 1
649 1278 1
650 1279 1
651 1281 1
652 1282 1
653 1284 1
654 1289 1
655 1290 1
656 1292 1
657 1296 1
658 1302 1
659 1304 1
660 1307 1
661 1308 1
662 1309 1
663 1310 1
664 1311 1
665 1317 1
666 1318 1
667 1319 1
668 1320 1
669 1322 1
670 1323 1
671 1324 1
672 1327 1
673 1328 1
674 1331 1
675 1333 1
676 1337 1
677 1341 1
678 1346 1
679 1347 1
680 1349 1
681 1350 1
682 1353 1
683 1354 1
684 1357 1
685 1361 1
686 1362 1
687 1365 1
688 1366 1
689 1371 1
690 1373 1
691 1374 1
692 1376 1
693 1378 1
694 1381 1
695 1383 1
696 1384 1
697 1385 1
698 1388 1
699 1393 1
700 1396 1
701 1398 1
702 1399 1
703 1402 1
704 1404 1
705 1405 1
706 1407 1
707 1408 1
708 1409 1
709 1410 1
710 1412 1
711 1413 1
712 1415 1
713 1416 1
714 1418 1
715 1419 1
716 1423 1
717 1425 1
718 1429 1
719 1430 1
720 1431 1
721 1436 1
722 1437 1
723 1439 1
724 1440 1
725 1442 1
726 1444 1
727 1450 1
728 1451 1
729 1453 1
730 1454 1
731 1455 1
732 1456 1
733 1459 1
734 1462 1
735 1465 1
736 1468 1
737 1472 1
738 1473 1
739 1474 1
740 1476 1
741 1477 1
742 1479 1
743 1481 1
744 1485 1
745 1491 1
746 1496 1
747 1497 1
748 1500 1
749 1507 1
750 1509 1
751 1514 1
752 1517 1
753 1518 1
754 1520 1
755 1525 1
756 1526 1
757 1527 1
758 1530 1
759 1533 1
760 1535 1
761 1537 1
762 1539 1
763 1541 1
764 1542 1
765 1544 1
766 1547 1
767 1548 1
768 1551 1
769 1552 1
770 1555 1
771 1559 1
772 1561 1
773 1563 1
774 1567 1
775 1568 1
776 1570 1
777 1572 1
778 1573 1
779 1574 1
780 1576 1
781 1578 1
782 1580 1
783 1581 1
784 1585 1
785 1587 1
786 1589 1
787 1590 1
788 1591 1
789 1593 1
790 1596 1
791 1599 1
792 1600 1
793 1601 1
794 1603 1
795 1604 1
796 1605 1
797 1608 1
798 1611 1
799 1612 1
800 1613 1
801 1614 1
802 1616 1
803 1618 1
804 1619 1
805 1620 1
806 1623 1
807 1624 1
808 1626 1
809 1627 1
810 1630 1
811 1631 1
812 1633 1
813 1635 1
814 1637 1
815 1638 1
816 1642 1
817 1643 1
818 1644 1
819 1648 1
820 1649 1
821 1650 1
822 1654 1
823 1657 1
824 1661 1
825 1662 1
826 1663 1
827 1665 1
828 1666 1
829 1669 1
830 1670 1
831 1671 1
832 1673 1
833 1675 1
834 1676 1
835 1677 1
836 1678 1
837 1679 1
838 1680 1
839 1681 1
840 1685 1
841 1686 1
842 1688 1
843 1689 1
844 1691 1
845 1693 1
846 1695 1
847 1696 1
848 1697 1
849 1698 1
850 1699 1
851 1701 1
852 1703 1
853 1704 1
854 1705 1
855 1706 1
856 1707 1
857 1709 1
858 1716 1
859 1717 1
860 1720 1
861 1721 1
