0 0 1
1 1 1
2 2 1
3 4 1
4 7 1
5 8 1
6 10 1
7 11 1
8 12 1
9 13 1
10 15 1
11 16 1
12 17 1
13 18 1
14 20 1
15 24 1
16 25 1
17 27 1
18 28 1
19 31 1
20 33 1
21 35 1
22 37 1
23 39 1
24 41 1
25 42 1
26 43 1
27 45 1
28 46 1
29 49 1
30 51 1
31 54 1
32 55 1
33 56 1
34 65 1
35 69 1
36 73 1
37 75 1
38 78 1
39 79 1
40 80 1
41 81 1
42 85 1
43 86 1
44 87 1
45 88 1
46 91 1
47 94 1
48 95 1
49 97 1
50 99 1
51 101 1
52 103 1
53 104 1
54 105 1
55 106 1
56 107 1
57 108 1
58 109 1
59 113 1
60 115 1
61 120 1
62 124 1
63 125 1
64 127 1
65 129 1
66 130 1
67 131 1
68 132 1
69 133 1
70 134 1
71 135 1
72 136 1
73 138 1
74 141 1
75 143 1
76 144 1
77 145 1
78 146 1
79 147 1
80 149 1
81 151 1
82 153 1
83 157 1
84 158 1
85 160 1
86 163 1
87 165 1
88 166 1
89 167 1
90 171 1
91 173 1
92 175 1
93 176 1
94 178 1
95 179 1
96 181 1
97 183 1
98 185 1
99 186 1
100 187 1
101 194 1
102 196 1
103 199 1
104 201 1
105 204 1
106 209 1
107 213 1
108 214 1
109 215 1
110 216 1
111 218 1
112 222 1
113 223 1
114 224 1
115 226 1
116 228 1
117 231 1
118 234 1
119 236 1
120 238 1
121 239 1
122 241 1
123 242 1
124 245 1
125 246 1
126 247 1
127 248 1
128 250 1
129 253 1
130 256 1
131 258 1
132 259 1
133 262 1
134 263 1
135 266 1
136 270 1
137 271 1
138 273 1
139 274 1
140 275 1
141 277 1
142 279 1
143 281 1
144 282 1
145 283 1
146 287 1
147 290 1
148 295 1
149 296 1
150 298 1
151 301 1
152 304 1
153 308 1
154 309 1
155 310 1
156 316 1
157 319 1
158 321 1
159 322 1
160 324 1
161 325 1
162 327 1
163 329 1
164 331 1
165 333 1
166 336 1
167 339 1
168 341 1
169 342 1
170 343 1
171 346 1
172 348 1
173 352 1
174 353 1
175 355 1
176 357 1
177 358 1
178 361 1
179 362 1
180 365 1
181 367 1
182 368 1
183 370 1
184 372 1
185 374 1
186 375 1
187 378 1
188 382 1
189 385 1
190 386 1
191 387 1
192 391 1
193 394 1
194 397 1
195 398 1
196 399 1
197 400 1
198 401 1
199 406 1
200 407 1
201 409 1
202 411 1
203 413 1
204 415 1
205 417 1
206 419 1
207 421 1
208 423 1
209 424 1
210 425 1
211 426 1
212 427 1
213 428 1
214 431 1
215 432 1
216 434 1
217 436 1
218 437 1
219 438 1
220 439 1
221 443 1
222 444 1
223 445 1
224 447 1
225 448 1
226 452 1
227 457 1
228 459 1
229 460 1
230 462 1
231 463 1
232 466 1
233 467 1
234 471 1
235 472 1
236 473 1
237 475 1
238 476 1
239 477 1
240 478 1
241 480 1
242 481 1
243 483 1
244 485 1
245 486 1
246 488 1
247 492 1
248 494 1
249 497 1
250 504 1
251 506 1
252 508 1
253 509 1
254 510 1
255 512 1
256 513 1
257 514 1
258 515 1
259 518 1
260 519 1
261 523 1
262 524 1
263 526 1
264 531 1
265 532 1
266 534 1
267 536 1
268 540 1
269 541 1
270 543 1
271 544 1
272 548 1
273 549 1
274 550 1
275 551 1
276 553 1
277 554 1
278 557 1
279 560 1
280 561 1
281 562 1
282 563 1
283 564 1
284 565 1
285 566 1
286 569 1
287 573 1
288 574 1
289 577 1
290 580 1
291 583 1
292 587 1
293 588 1
294 590 1
295 591 1
296 592 1
297 593 1
298 597 1
299 599 1
300 600 1
301 604 1
302 609 1
303 610 1
304 612 1
305 615 1
306 617 1
307 618 1
308 619 1
309 622 1
310 623 1
311 625 1
312 626 1
313 628 1
314 629 1
315 631 1
316 633 1
317 635 1
318 637 1
319 638 1
320 641 1
321 642 1
322 644 1
323 645 1
324 646 1
325 647 1
326 649 1
327 650 1
328 654 1
329 655 1
330 658 1
331 660 1
332 663 1
333 664 1
334 665 1
335 666 1
336 667 1
337 668 1
338 670 1
339 673 1
340 674 1
341 675 1
342 677 1
343 680 1
344 682 1
345 683 1
346 684 1
347 685 1
348 687 1
349 689 1
350 692 1
351 693 1
352 695 1
353 697 1
354 700 1
355 703 1
356 704 1
357 707 1
358 708 1
359 713 1
360 717 1
361 718 1
362 720 1
363 721 1
364 722 1
365 723 1
366 727 1
367 728 1
368 730 1
369 733 1
370 736 1
371 741 1
372 744 1
373 746 1
374 749 1
375 754 1
376 756 1
377 758 1
378 761 1
379 763 1
380 765 1
381 766 1
382 767 1
383 769 1
384 771 1
385 772 1
386 774 1
387 776 1
388 779 1
389 781 1
390 784 1
391 787 1
392 789 1
393 791 1
394 793 1
395 795 1
396 796 1
397 798 1
398 800 1
399 802 1
400 805 1
401 806 1
402 808 1
403 812 1
404 818 1
405 819 1
406 820 1
407 825 1
408 826 1
409 828 1
410 830 1
411 831 1
412 832 1
413 833 1
414 835 1
415 837 1
416 838 1
417 839 1
418 841 1
419 842 1
420 843 1
421 845 1
422 846 1
423 849 1
424 851 1
425 853 1
426 854 1
427 857 1
428 859 1
429 860 1
430 861 1
