0 0 1.0
1 10 1.0
2 12 1.0
3 14 1.0
4 15 1.0
5 16 1.0
6 18 1.0
7 20 1.0
8 22 1.0
9 32 1.0
10 33 1.0
11 35 1.0
12 36 1.0
13 38 1.0
14 43 1.0
15 44 1.0
16 47 1.0
17 51 1.0
18 59 1.0
19 61 1.0
20 63 1.0
21 66 1.0
22 73 1.0
23 76 1.0
24 78 1.0
25 79 1.0
26 80 1.0
27 82 1.0
28 87 1.0
29 93 1.0
30 101 1.0
31 104 1.0
32 106 1.0
33 112 1.0
34 114 1.0
35 116 1.0
36 123 1.0
37 125 1.0
38 128 1.0
39 132 1.0
40 133 1.0
41 136 1.0
42 142 1.0
43 143 1.0
44 150 1.0
45 165 1.0
46 175 1.0
47 178 1.0
48 180 1.0
49 181 1.0
50 183 1.0
51 190 1.0
52 191 1.0
53 194 1.0
54 201 1.0
55 202 1.0
56 211 1.0
57 215 1.0
58 222 1.0
59 229 1.0
60 236 1.0
61 239 1.0
62 246 1.0
63 248 1.0
64 256 1.0
65 257 1.0
66 261 1.0
67 263 1.0
68 264 1.0
69 265 1.0
70 268 1.0
71 269 1.0
72 276 1.0
73 284 1.0
74 286 1.0
75 287 1.0
76 294 1.0
77 297 1.0
78 305 1.0
79 315 1.0
80 321 1.0
81 322 1.0
82 323 1.0
83 329 1.0
84 332 1.0
85 343 1.0
86 346 1.0
87 347 1.0
88 350 1.0
89 353 1.0
90 354 1.0
91 357 1.0
92 366 1.0
93 374 1.0
94 379 1.0
95 380 1.0
96 386 1.0
97 390 1.0
98 392 1.0
99 397 1.0
100 401 1.0
101 402 1.0
102 407 1.0
103 408 1.0
104 409 1.0
105 412 1.0
106 422 1.0
107 425 1.0
